0.0012 0.0012 0.0012 0.175 0 2 0
0.0012 0.0012 0.0012 0.2 0 2 0
0.0012 0.0012 0.0012 0.225 0 2 0
0.0012 0.0012 0.0012 0.25 0 2 0
0.0012 0.0012 0.0012 0.275 0 2 0
0.0012 0.0012 0.0012 0.3 0 2 0
0.0012 0.0012 0.0012 0.325 0 2 0
0.0012 0.0012 0.0012 0.35 0 2 0
0.0012 0.0012 0.0012 0.375 0 2 0
0.0012 0.0012 0.0012 0.4 0 2 0
0.0012 0.0012 0.0012 0.425 0 2 0
0.0012 0.0012 0.0012 0.45 0 2 0
0.0012 0.0012 0.0012 0.475 0 2 0
0.0012 0.0012 0.0012 0.5 0 2 0
0.0012 0.0012 0.0012 0 0 2.25 0
0.0012 0.0012 0.0012 0.025 0 2.25 0
0.0012 0.0012 0.0012 0.05 0 2.25 0
0.0012 0.0012 0.0012 0.075 0 2.25 0
0.0012 0.0012 0.0012 0.1 0 2.25 0
0.0012 0.0012 0.0012 0.125 0 2.25 0
0.0012 0.0012 0.0012 0.15 0 2.25 0
0.0012 0.0012 0.0012 0.175 0 2.25 0
0.0012 0.0012 0.0012 0.2 0 2.25 0
