0.0001 0.0001 0.0001 0.025 0 0 0
0.0001 0.0001 0.0001 0.05 0 0 0
0.0001 0.0001 0.0001 0.075 0 0 0
0.0001 0.0001 0.0001 0.1 0 0 0
0.0001 0.0001 0.0001 0.125 0 0 0
0.0001 0.0001 0.0001 0.15 0 0 0
0.0001 0.0001 0.0001 0.175 0 0 0
0.0001 0.0001 0.0001 0.2 0 0 0
0.0001 0.0001 0.0001 0.225 0 0 0
0.0001 0.0001 0.0001 0.25 0 0 0
0.0001 0.0001 0.0001 0.275 0 0 0
0.0001 0.0001 0.0001 0.3 0 0 0
0.0001 0.0001 0.0001 0.325 0 0 0
0.0001 0.0001 0.0001 0.35 0 0 0
0.0001 0.0001 0.0001 0.375 0 0 0
0.0001 0.0001 0.0001 0.4 0 0 0
0.0001 0.0001 0.0001 0.425 0 0 0
0.0001 0.0001 0.0001 0.45 0 0 0
0.0001 0.0001 0.0001 0.475 0 0 0
0.0001 0.0001 0.0001 0.5 0 0 0
0.0001 0.0001 0.0001 0 0 0.25 0
0.0001 0.0001 0.0001 0.025 0 0.25 0
0.0001 0.0001 0.0001 0.05 0 0.25 0
