r	Name	x	v	w	n_1	n_2	z_s	z_e	m_1	m_2	Y//
1	reg1	1	1	1	30	30	0	10000	0	0	1
2	reg2	1	1	1	30	30	0	10000	0	0	1
3	reg3	1	1	1	30	30	0	10000	0	0	1
4	reg4	1	1	1	30	30	0	10000	0	0	1
5	reg5	1	1	1	30	30	0	10000	0	0	1
6	reg6	1	1	1	30	30	0	10000	0	0	1
7	reg7	1	1	1	30	30	0	10000	0	0	1
8	reg8	1	1	1	30	30	0	10000	0	0	1
9	reg9	1	1	1	30	30	0	10000	0	0	1
10	reg10	1	1	1	30	30	0	10000	0	0	1
11	reg11	1	1	1	30	30	0	10000	0	0	1
12	reg12	1	1	1	30	30	0	10000	0	0	1
13	reg13	1	1	1	30	30	0	10000	0	0	1
14	reg14	1	1	1	30	30	0	10000	0	0	1
15	reg15	1	1	1	30	30	0	10000	0	0	1
16	reg16	1	1	1	30	30	0	10000	0	0	1
17	reg17	1	1	1	30	30	0	10000	0	0	1
18	reg18	1	1	1	30	30	0	10000	0	0	1
19	reg19	1	1	1	30	30	0	10000	0	0	1
20	reg20	1	1	1	30	30	0	10000	0	0	1
21	reg21	1	1	1	30	30	0	10000	0	0	1
22	reg22	1	1	1	30	30	0	10000	0	0	1
23	reg23	1	1	1	30	30	0	10000	0	0	1
24	reg24	1	1	1	30	30	0	10000	0	0	1
25	reg25	1	1	1	30	30	0	10000	0	0	1
26	reg26	1	1	1	30	30	0	10000	0	0	1
27	reg27	1	1	1	30	30	0	10000	0	0	1
28	reg28	1	1	1	30	30	0	10000	0	0	1
29	reg29	1	1	1	30	30	0	10000	0	0	1
30	reg30	1	1	1	30	30	0	10000	0	0	1
31	reg31	1	1	1	30	30	0	10000	0	0	1
32	reg32	1	1	1	30	30	0	10000	0	0	1
33	reg33	1	1	1	30	30	0	10000	0	0	1
34	reg34	1	1	1	30	30	0	10000	0	0	1
35	reg35	1	1	1	30	30	0	10000	0	0	1
36	reg36	1	1	1	30	30	0	10000	0	0	1
37	reg37	1	1	1	30	30	0	10000	0	0	1
38	reg38	1	1	1	30	30	0	10000	0	0	1
39	reg39	1	1	1	30	30	0	10000	0	0	1
40	reg40	1	1	1	30	30	0	10000	0	0	1
41	reg41	1	1	1	30	30	0	10000	0	0	1
42	reg42	1	1	1	30	30	0	10000	0	0	1
43	reg43	1	1	1	30	30	0	10000	0	0	1
44	reg44	1	1	1	30	30	0	10000	0	0	1
45	reg45	1	1	1	30	30	0	10000	0	0	1
46	reg46	1	1	1	30	30	0	10000	0	0	1
47	reg47	1	1	1	30	30	0	10000	0	0	1
48	reg48	1	1	1	30	30	0	10000	0	0	1
49	reg49	1	1	1	30	30	0	10000	0	0	1
50	reg50	1	1	1	30	30	0	10000	0	0	1
51	reg51	1	1	1	30	30	0	10000	0	0	1
52	reg52	1	1	1	30	30	0	10000	0	0	1
53	reg53	1	1	1	30	30	0	10000	0	0	1
54	reg54	1	1	1	30	30	0	10000	0	0	1
55	reg55	1	1	1	30	30	0	10000	0	0	1
56	reg56	1	1	1	30	30	0	10000	0	0	1
57	reg57	1	1	1	30	30	0	10000	0	0	1
58	reg58	1	1	1	30	30	0	10000	0	0	1
59	reg59	1	1	1	30	30	0	10000	0	0	1
60	reg60	1	1	1	30	30	0	10000	0	0	1
61	reg61	1	1	1	30	30	0	10000	0	0	1
62	reg62	1	1	1	30	30	0	10000	0	0	1
63	reg63	1	1	1	30	30	0	10000	0	0	1
64	reg64	1	1	1	30	30	0	10000	0	0	1
65	reg65	1	1	1	30	30	0	10000	0	0	1
66	reg66	1	1	1	30	30	0	10000	0	0	1
67	reg67	1	1	1	30	30	0	10000	0	0	1
68	reg68	1	1	1	30	30	0	10000	0	0	1
69	reg69	1	1	1	30	30	0	10000	0	0	1
70	reg70	1	1	1	30	30	0	10000	0	0	1
71	reg71	1	1	1	30	30	0	10000	0	0	1
72	reg72	1	1	1	30	30	0	10000	0	0	1
73	reg73	1	1	1	30	30	0	10000	0	0	1
74	reg74	1	1	1	30	30	0	10000	0	0	1
75	reg75	1	1	1	30	30	0	10000	0	0	1
76	reg76	1	1	1	30	30	0	10000	0	0	1
77	reg77	1	1	1	30	30	0	10000	0	0	1
78	reg78	1	1	1	30	30	0	10000	0	0	1
79	reg79	1	1	1	30	30	0	10000	0	0	1
80	reg80	1	1	1	30	30	0	10000	0	0	1
81	reg81	1	1	1	30	30	0	10000	0	0	1
82	reg82	1	1	1	30	30	0	10000	0	0	1
83	reg83	1	1	1	30	30	0	10000	0	0	1
84	reg84	1	1	1	30	30	0	10000	0	0	1
85	reg85	1	1	1	30	30	0	10000	0	0	1
86	reg86	1	1	1	30	30	0	10000	0	0	1
87	reg87	1	1	1	30	30	0	10000	0	0	1
88	reg88	1	1	1	30	30	0	10000	0	0	1
89	reg89	1	1	1	30	30	0	10000	0	0	1
90	reg90	1	1	1	30	30	0	10000	0	0	1
91	reg91	1	1	1	30	30	0	10000	0	0	1
92	reg92	1	1	1	30	30	0	10000	0	0	1
93	reg93	1	1	1	30	30	0	10000	0	0	1
94	reg94	1	1	1	30	30	0	10000	0	0	1
95	reg95	1	1	1	30	30	0	10000	0	0	1
96	reg96	1	1	1	30	30	0	10000	0	0	1
97	reg97	1	1	1	30	30	0	10000	0	0	1
98	reg98	1	1	1	30	30	0	10000	0	0	1
99	reg99	1	1	1	30	30	0	10000	0	0	1
100	reg100	1	1	1	30	30	0	10000	0	0	1
