Sim#	Step#	S1	S2	Ss	Sf	Fst	pi1	pi2	D1	D2
1	NA	12	42	38	1	0.451486	2.98889	7.98889	-0.764146	0.361559	
2	NA	16	19	26	0	0.215028	2.84444	3.45	-0.482247	0.0649717	
3	NA	13	26	39	0	0.297855	4.21667	6.81111	0.224281	0.444725	
4	NA	12	20	18	1	0.156253	2.07778	3.17778	0.280762	0.254827	
5	NA	26	11	23	0	0.373856	3.21667	3.82778	-1.15163	0.490193	
6	NA	26	18	29	0	0.265698	5.23889	3.28889	0.432364	-0.874397	
7	NA	9	14	33	0	0.0718987	4.36667	4.54444	0.0325134	0.169496	
8	NA	42	24	16	0	0.27778	5.98889	2.42778	0.746562	-0.26852	
9	NA	38	18	30	0	0.13051	6.35	3.59444	0.0563915	0.0218496	
10	NA	28	9	33	0	0.308384	5.96667	2.47222	0.601847	0.0635977	
11	NA	22	26	19	6	0.549251	2.28333	3.17778	-0.432339	0.5688	
12	NA	30	11	21	2	0.514672	4.22778	1.62778	0.363827	-0.0198176	
13	NA	26	6	28	0	0.19782	5.61667	2.38333	0.202609	0.428589	
14	NA	26	26	28	0	0.129492	6.16111	3.49444	1.0469	0.522781	
15	NA	28	19	44	0	0.173736	8.70556	3.81111	1.09416	-0.486215	
16	NA	9	32	25	2	0.24748	3.11852	8.75556	-0.251955	1.31191	
17	NA	9	21	21	4	0.266817	1.85556	4.06667	-0.848695	0.629494	
18	NA	10	24	17	0	0.169475	1.88333	3.21667	-0.599372	-0.511217	
19	NA	22	31	40	0	0.288954	5.22222	7.28333	0.554687	0.816586	
20	NA	19	30	35	0	0.254272	4.55556	9.66667	0.111456	0.900259	
21	NA	20	24	31	0	0.0771414	5.87778	4.87222	0.548762	-0.153162	
22	NA	41	22	44	0	0.421798	9.3	3.18333	0.677883	-0.781302	
23	NA	22	20	12	0	0.342835	2.71111	2.73889	0.100337	0.336651	
24	NA	41	22	28	0	0.329981	8.6	4.66111	0.687832	0.512245	
25	NA	22	35	6	0	0.123408	2.76111	3.27222	0.00069921	-0.419231	
26	NA	10	30	15	1	0.275197	1.58333	3.79444	0.763063	-0.444211	
27	NA	27	14	10	4	0.264386	3.85556	2.18889	0.74901	0.0048203	
28	NA	7	14	32	0	0.305021	4.41667	3.06111	1.1309	0.207453	
29	NA	17	13	29	0	0.172376	4.58333	2.73333	0.647547	-0.000376466	
30	NA	10	44	56	0	0.202207	3.9	8.97222	1.08212	-0.195368	
31	NA	40	6	22	1	0.339954	4.98333	1.03889	-0.218465	-0.0287586	
32	NA	11	14	16	0	0.249383	2.53333	2.06111	0.235016	-0.0521356	
33	NA	43	11	29	0	0.406002	7.7	2.57222	0.535944	0.787451	
34	NA	29	17	39	0	0.114925	7.06111	4.77778	0.483398	-0.383943	
35	NA	24	19	18	0	0.221811	3.53889	2.51111	-0.101891	-0.597374	
36	NA	34	11	37	0	0.0290085	6.72222	4.91667	0.573914	0.663111	
37	NA	17	25	26	0	0.149401	3.00556	5.71667	0.0693917	1.48398	
38	NA	32	26	28	0	0.282713	4.90556	4.27222	0.317205	0.611452	
39	NA	36	31	79	0	0.175732	12.4556	13.1889	0.27988	1.20897	
40	NA	15	9	27	0	0.176483	3.97778	3	0.493486	0.284952	
41	NA	28	16	17	0	0.311597	3.98333	2.72778	0.501798	0.0311307	
42	NA	17	17	33	0	0.129463	4.51667	5.23333	0.421512	0.778497	
43	NA	26	18	20	0	0.25517	4.5	2.12778	0.537775	-0.0598903	
44	NA	18	23	30	0	0.190689	3.71111	4.98889	0.255328	0.251318	
45	NA	22	12	43	0	0.273263	6.94444	4.97222	0.879505	0.243364	
46	NA	24	20	16	2	0.330019	4.06667	3.6	0.0293288	0.137599	
47	NA	16	25	34	0	0.229434	3.68333	6.40556	-0.594949	1.16923	
48	NA	18	27	14	0	0.432224	3.03333	2.93889	0.217178	-0.124982	
49	NA	37	21	76	0	0.323274	9.27222	8.15556	0.136908	0.499465	
50	NA	19	19	44	0	0.124003	4.73333	4.96667	-0.614468	-0.261047	
51	NA	19	27	16	2	0.512459	2.28889	4.25556	0.455908	0.32447	
52	NA	28	18	16	0	0.369201	4.8	2.90556	1.14427	0.745687	
53	NA	24	31	13	2	0.336365	3.22222	3.79444	-0.009544	-0.0924353	
54	NA	27	20	19	0	0.238185	3.55	3.78889	-0.266393	1.20304	
55	NA	20	30	58	0	0.240082	5.4	8.49444	-0.462081	0.0254714	
56	NA	26	16	15	1	0.368776	4.50556	2.33333	1.17805	0.748798	
57	NA	22	26	25	0	0.338482	3.56111	4.52778	-0.190816	0.0798237	
58	NA	29	18	24	0	0.124561	3.46667	3.43333	-0.576079	0.273525	
59	NA	13	9	9	0	0.105912	1.83333	1.89444	-0.313345	0.478471	
60	NA	18	12	27	2	0.458154	3.95556	3.97778	0.0150553	0.437508	
61	NA	16	19	26	0	0.275513	3.35	3.84444	-0.751377	0.109823	
62	NA	25	19	17	0	0.143753	4.16111	2.50556	0.452436	0.057771	
63	NA	20	21	29	0	0.17456	5.04444	4.48889	0.300796	0.208209	
64	NA	13	21	16	0	0.132464	3.46111	3.42222	1.58555	-0.0736394	
65	NA	18	24	11	8	0.302447	2.37778	3.88889	-0.524357	0.148197	
66	NA	18	17	8	6	0.33514	2.26111	2.6	0.533302	0.238611	
67	NA	25	15	16	2	0.412776	4.31667	2.12222	-0.0415364	0.199663	
68	NA	30	49	25	0	0.339284	3.24444	4.39444	0.024783	-0.647826	
69	NA	28	10	21	0	0.21129	4.04444	2.07222	0.066632	0.425529	
70	NA	29	20	25	0	0.267219	4.37222	4.27222	-0.315671	0.626147	
71	NA	13	14	73	0	0.30986	7.42222	10.4	0.0897576	0.362534	
72	NA	15	39	44	0	0.380556	2.95556	8.75	0.106985	0.802416	
73	NA	16	13	17	0	0.144974	3.35	3.56111	0.529556	1.41868	
74	NA	20	18	5	19	0.441317	2.46111	1.95556	0.572617	0.165948	
75	NA	17	24	28	0	0.199653	3.94444	4.88889	0.127327	-0.201304	
76	NA	21	33	20	2	0.34921	3.06667	3.57222	0.422402	-0.564298	
77	NA	18	17	36	0	0.231337	4.33333	5.57778	-0.405086	0.0369083	
78	NA	19	21	12	0	0.228775	3.12222	1.99444	0.894282	-0.457091	
79	NA	15	6	51	0	0.211374	9.48889	7.48148	1.13671	1.31283	
80	NA	11	15	57	0	0.0432882	7.21111	7.83333	0.391877	0.645093	
81	NA	8	54	43	0	0.130862	2.97222	9.73889	1.58754	0.129987	
82	NA	13	23	12	0	0.296493	1.45556	2.88889	-0.773925	0.0368616	
83	NA	23	19	39	0	0.257439	5.6	4.91111	0.4513	-0.188218	
84	NA	30	11	22	0	0.186983	4.71111	3.76667	0.23668	0.70981	
85	NA	18	11	13	0	0.252956	1.90556	1.88333	-0.799576	0.0355952	
86	NA	23	24	24	0	0.233728	3.96111	4.01111	0.461202	0.619239	
87	NA	11	22	31	4	0.364566	3.41667	4.8	0.488787	-0.178443	
88	NA	28	15	24	0	0.219265	3.9	4.19444	0.124352	1.26973	
89	NA	17	30	22	0	0.214443	2.83889	4.25	-0.0717252	0.220753	
90	NA	28	19	7	0	0.370899	3.81111	1.75	0.757735	-0.672273	
91	NA	26	14	44	0	0.177294	5.98889	4.41111	0.264762	-0.319605	
92	NA	12	8	17	0	0.15431	2.90556	2.10556	0.432548	0.195411	
93	NA	26	18	32	0	0.244244	4.43333	4.34444	-0.136655	0.144199	
94	NA	29	22	32	0	0.226716	5.27778	5.62222	0.214814	0.338616	
95	NA	9	15	41	0	0.233547	3.59444	5.16111	-0.33602	-0.299095	
96	NA	38	19	31	0	0.232046	7.24444	2.92222	0.178768	0.126305	
97	NA	16	21	14	0	0.124499	3.05	3.61667	0.641216	0.372374	
98	NA	19	34	9	26	0.333041	2.52222	3.82778	0.322935	0.631384	
99	NA	25	19	18	0	0.357633	3.56667	2.78333	-0.0755938	-0.496438	
100	NA	20	26	40	0	0.235605	7.02778	5.89444	1.2067	0.494176	
101	NA	7	22	19	0	0.366387	1.55	3.96111	0.0842128	0.207716	
102	NA	27	22	22	0	0.1853	4.99259	5.16296	-0.330521	-0.0658667	
103	NA	12	15	10	12	0.569544	1.71667	1.98333	-0.365077	-0.218149	
104	NA	22	16	27	0	0.149799	4.77222	4.90556	0.603595	1.20474	
105	NA	20	19	10	0	0.172225	2.83333	1.89444	0.25782	-1.08029	
106	NA	25	12	24	0	0.3708	5.80556	1.22222	0.470932	-0.541789	
107	NA	28	27	39	0	0.212473	5.71667	5.35	-0.140261	0.2662	
108	NA	41	21	43	0	0.301491	8.73889	3.33889	0.606706	0.37949	
109	NA	32	10	38	4	0.29271	7.15556	4.02963	-0.69555	-0.0391397	
110	NA	27	27	20	0	0.313099	5.53333	2.92222	1.52629	-0.310778	
111	NA	17	19	34	0	0.342377	4.62778	4.26111	0.92043	0.177711	
112	NA	20	16	16	0	0.204881	2.89444	2.22222	-0.744728	0.00420203	
113	NA	38	13	31	0	0.352801	5.62778	2.19444	0.543229	0.092274	
114	NA	20	18	40	0	0.425881	4.14444	4.53333	-0.0723336	-0.780321	
115	NA	27	39	46	0	0.311226	6.01111	5.62778	0.471736	-0.521801	
116	NA	18	16	38	0	0.115642	4.54444	4.98889	-0.328906	-0.34526	
117	NA	20	17	53	0	0.134578	7.97778	5.96667	1.06082	0.242204	
118	NA	13	29	9	2	0.172385	1.91667	3.56667	0.153458	0.363581	
119	NA	12	17	12	2	0.287591	2.01667	2.88889	0.398351	0.629417	
120	NA	28	31	12	0	0.162763	3.72222	2.96111	0.874739	-0.588416	
121	NA	16	28	20	4	0.374	2.17778	4.77778	-0.268001	-0.174706	
122	NA	16	19	9	2	0.348103	1.41111	1.96111	-1.12382	-0.525353	
123	NA	32	23	21	0	0.4092	4.36667	3.95	0.53851	-0.164422	
124	NA	29	13	27	0	0.308731	5.50556	1.83889	0.0460862	-1.21974	
125	NA	21	13	10	57	0.608241	2.85	1.73889	0.126084	-0.451934	
126	NA	13	16	18	0	0.0951646	3.32778	2.76111	0.639415	-0.502102	
127	NA	33	27	14	0	0.30388	4.28148	4.87407	-0.773066	-0.239794	
128	NA	12	7	19	1	0.528217	2.05	1.59444	-0.487903	-0.492861	
129	NA	20	32	26	0	0.306104	2.78889	5.19444	0.525628	0.119011	
130	NA	28	7	46	4	0.448695	6.97222	2.94444	-0.0252881	-1.58169	
131	NA	19	20	28	0	0.0952724	4.14444	4.17778	0.110867	-0.199897	
132	NA	38	19	26	0	0.0585615	6.33333	3.02222	0.510107	-0.109453	
133	NA	24	14	22	0	0.227574	4.19444	3.18333	0.0156955	0.40696	
134	NA	28	39	27	0	0.270518	3.67778	4.46667	-0.154506	-0.866142	
135	NA	16	8	16	0	0.129227	2.85	2.61111	-0.311822	0.69132	
136	NA	18	30	28	6	0.431786	3.57222	5.28333	-0.128751	-0.282322	
137	NA	20	22	8	0	0.382624	1.67778	2.68889	-0.4665	0.418857	
138	NA	17	32	22	0	0.210485	3.08333	4.80556	-0.307011	0.395485	
139	NA	30	9	26	1	0.262138	5.30556	2.52222	0.250361	0.468391	
140	NA	35	9	14	0	0.0821943	4.56111	1.08889	-0.331346	-1.00335	
141	NA	22	19	19	0	0.191074	2.92778	3.49444	-0.241866	0.125109	
142	NA	34	27	51	0	0.167381	9.63704	11.7333	-0.177369	0.94828	
143	NA	16	27	12	3	0.386763	1.63333	2.51111	0.243881	-0.669681	
144	NA	8	16	45	0	0.275837	5.70556	5.48889	0.686706	0.106492	
145	NA	47	15	39	0	0.129496	9.78519	3.3037	-0.131163	0.487842	
146	NA	14	32	22	0	0.365581	3.47222	3.92222	0.52983	-0.434147	
147	NA	25	25	31	0	0.229727	6.01111	5.30556	1.20167	0.616755	
148	NA	16	27	20	0	0.219003	2.59444	3.95556	-0.0497747	0.136609	
149	NA	16	25	15	0	0.24269	3.97037	3.80741	0.421425	-0.68204	
150	NA	20	24	29	0	0.390376	5.66111	4.33333	1.38217	-0.325023	
151	NA	8	14	9	9	0.293396	1.76111	2.16111	0.939109	-0.523718	
152	NA	42	20	31	0	0.357378	8.45	2.95	0.824928	0.325045	
153	NA	12	22	18	0	0.33758	2.17222	3.68333	-0.629733	0.253547	
154	NA	25	23	21	0	0.227202	5.01667	5.46111	0.876709	1.22893	
155	NA	8	25	15	32	0.322121	1.93333	3.80556	-0.277684	0.682201	
156	NA	23	19	15	0	0.186632	2.68889	2.08889	-0.406601	-1.01286	
157	NA	22	12	9	0	0.230743	2.45	1.77778	-0.193558	0.535571	
158	NA	44	13	38	0	0.280098	7.08889	2.35556	-0.157544	0.45596	
159	NA	18	11	43	0	0.196418	4.63889	4.25556	-0.451919	-0.451393	
160	NA	27	22	22	1	0.299748	4.61667	4.37778	0.501188	0.717008	
161	NA	9	12	12	9	0.352756	2.03889	2.22222	0.308507	0.242708	
162	NA	18	10	17	13	0.476964	2.76667	2.47778	-0.227949	0.131521	
163	NA	19	23	45	0	0.114551	4.3	5.18333	-0.177916	-0.475316	
164	NA	15	16	10	2	0.211325	2.11667	2.22778	0.116956	0.587605	
165	NA	22	18	15	0	0.22651	4.05	2.7	0.913074	0.617734	
166	NA	15	19	14	10	0.374856	2.93889	3.03889	0.457716	0.500346	
167	NA	34	16	30	0	0.457078	5.2	5.40741	-1.24347	1.36902	
168	NA	49	13	32	0	0.280477	6.82222	3.53889	-0.421402	1.22212	
169	NA	35	11	34	0	0.283198	8.38889	1.55	1.58237	-0.924643	
170	NA	27	34	32	0	0.0878165	5.60556	4.53889	0.158364	-0.81341	
171	NA	30	19	38	0	0.169627	5.91111	5.05	0.798029	0.0267744	
172	NA	20	28	46	0	0.0907056	7.20556	8.57778	1.0145	1.04378	
173	NA	34	11	31	5	0.406725	7.42222	3.84444	1.27604	0.829301	
174	NA	27	16	32	0	0.283836	5.41667	3.64444	0.297053	0.278389	
175	NA	13	11	7	1	0.222876	1.51667	1.8	-0.741867	0.387246	
176	NA	24	16	23	0	0.198396	3.98333	3.27778	-0.497992	1.27915	
177	NA	8	11	61	0	0.10667	8.1	7.91111	1.4946	0.941326	
178	NA	18	19	27	0	0.0962987	5.09444	5.33333	1.18384	1.36324	
179	NA	15	14	13	0	0.406491	2.46667	1.86667	0.42898	0.10716	
180	NA	13	32	67	1	0.161894	6.31111	10.9333	0.887617	1.40125	
181	NA	31	18	22	1	0.446907	5.61667	2.03889	0.611843	-0.407762	
182	NA	20	25	39	0	0.237143	5.21111	5.30556	-0.140251	-0.339545	
183	NA	15	24	32	0	0.0851206	5.62222	6.66667	0.700189	0.866288	
184	NA	34	26	32	0	0.205979	5.1	4.55	0.311228	0.0149394	
185	NA	13	21	19	0	0.148443	3.68333	4.28333	1.34575	0.286368	
186	NA	37	22	26	0	0.12602	6.09444	3.26111	0.434724	0.208745	
187	NA	14	11	13	0	0.271377	2.18889	2.39444	-0.454208	0.77588	
188	NA	21	13	48	4	0.332924	5.73889	7.14444	0.257774	0.343502	
189	NA	11	16	11	0	0.255413	1.24444	3.05556	-0.137022	0.414813	
190	NA	17	10	55	0	0.137117	8.96296	9.31852	0.295011	1.04713	
191	NA	33	12	16	3	0.452982	3.28889	2.28889	-0.568344	-0.204298	
192	NA	14	12	50	0	0.0976562	7.63889	7.47778	0.871693	0.943148	
193	NA	19	31	29	0	0.305335	3.36667	6.38889	-0.00842145	0.00823769	
194	NA	12	26	12	0	0.159985	1.81111	2.32222	-0.521426	-1.16198	
195	NA	66	18	55	0	0.340861	9.81481	3.08148	-0.838205	-0.0349491	
196	NA	11	28	18	0	0.195132	2.3	5.03889	0.0459308	0.616856	
197	NA	15	12	13	0	0.214626	3.11111	1.92778	1.1172	-0.129708	
198	NA	19	28	51	0	0.374198	6.75556	6.65	0.495429	0.48967	
199	NA	21	19	49	0	0.273477	8.02778	4.76667	1.14087	-0.28117	
200	NA	21	19	30	1	0.385356	4.82778	4.00556	0.39431	-0.0914454	
201	NA	15	15	20	0	0.120972	2.45556	2.49444	-0.688783	0.0085052	
202	NA	14	10	6	3	0.426799	2.03889	1.3	0.352885	-0.175751	
203	NA	28	15	9	9	0.402498	3.24444	1.86111	-0.0877784	-0.128575	
204	NA	17	16	32	0	0.187495	5.03704	5.11852	-0.638992	-0.487103	
205	NA	18	12	59	0	0.0793085	8.37778	8.25556	0.729637	1.2986	
206	NA	24	29	26	6	0.322432	2.30556	3.02222	-0.299464	-0.191367	
207	NA	22	20	14	0	0.226971	2.65	2.72778	-0.353394	0.059944	
208	NA	29	17	65	0	0.230304	6.8	7.01667	-0.254085	0.572046	
209	NA	22	26	8	0	0.284277	2.28889	2.1	-0.0358116	-0.835531	
210	NA	12	27	42	0	0.221189	3.9	5.57222	-0.00800134	0.226817	
211	NA	18	21	36	0	0.196215	5.08333	5.40556	0.624377	0.643292	
212	NA	21	14	14	0	0.287491	3.13889	2.18889	0.0766204	-0.720814	
213	NA	45	15	39	0	0.255372	7.44444	3.06667	0.430007	0.172245	
214	NA	20	12	22	2	0.493375	2.80556	2.68333	-0.681886	0.461594	
215	NA	14	21	19	1	0.299219	3.81481	4.37778	0.317587	-0.326911	
216	NA	15	25	39	0	0.169286	4.86111	5.72778	-0.0287405	0.0883933	
217	NA	21	15	3	0	0.320822	2.65556	1.79444	0.815128	0.290239	
218	NA	24	11	27	0	0.215643	4.96667	3.62222	-0.218891	0.283449	
219	NA	13	35	25	0	0.231781	3.28333	6.13333	1.04312	0.790463	
220	NA	12	23	10	0	0.429125	1.66111	2.53333	-0.311372	-0.40961	
221	NA	26	15	39	0	0.321605	5.28333	5.00556	-0.778371	0.393218	
222	NA	24	16	20	0	0.236883	3.33889	2.72778	-0.353479	-0.457002	
223	NA	31	19	30	2	0.258089	6.28333	4.06667	0.443823	-0.242924	
224	NA	27	10	24	0	0.181644	4.03889	2.32778	-0.362721	0.30006	
225	NA	31	16	16	5	0.327018	5.56111	1.67222	1.00167	-0.492617	
226	NA	28	35	23	1	0.425268	4.78889	4.67778	1.22764	0.356059	
227	NA	25	16	31	0	0.279589	5.08889	3.32778	0.18759	-0.970389	
228	NA	14	18	27	0	0.154301	3.07778	4.32222	0.0326999	0.46119	
229	NA	15	22	82	0	0.164056	7.5	9.97222	-0.485409	0.491971	
230	NA	20	33	23	0	0.183049	4.56296	7.85185	0.586243	0.683342	
231	NA	24	27	18	0	0.258744	3.96667	3.58889	0.729653	-0.13808	
232	NA	23	16	24	0	0.360864	4.55556	3.82222	0.32751	0.518761	
233	NA	17	23	16	0	0.0113484	2.66667	3.04444	0.0675236	-0.585696	
234	NA	11	21	13	1	0.167881	2.18333	3.43889	0.0460701	0.500004	
235	NA	10	19	7	2	0.315411	1.45556	2.16667	-0.298156	0.358332	
236	NA	18	20	33	0	0.338871	4.21667	5.05	-0.331751	-0.0144242	
237	NA	16	11	30	1	0.620662	2.76667	3.66667	-0.671105	-0.0888778	
238	NA	59	13	53	0	0.112727	13.2278	2.42222	1.29539	0.299756	
239	NA	30	10	22	0	0.267424	6.36667	0.877778	0.738318	-0.69864	
240	NA	17	25	32	0	0.281931	3.73333	8.54074	0.42777	1.33924	
241	NA	23	15	15	9	0.280216	3.62778	2.99444	0.510703	0.200157	
242	NA	54	22	56	4	0.1629	11.7222	2.62778	0.20666	-0.542617	
243	NA	15	25	25	0	0.147074	3.80556	4.77222	-0.0569944	0.253357	
244	NA	12	18	26	0	0.222806	3.08333	4.35	-0.254402	0.489224	
245	NA	13	34	23	0	0.316992	1.53333	6.05185	-0.570081	0.0440853	
246	NA	22	36	44	0	0.294057	5.30556	8.5	0.568539	0.614109	
247	NA	28	20	27	0	0.24511	5.02222	4.37222	0.462285	0.153552	
248	NA	25	16	46	0	0.197632	7.40556	6.93889	0.843294	0.736185	
249	NA	12	43	57	0	0.284139	3.65	10.9667	-0.098117	0.931317	
250	NA	10	18	40	0	0.462689	5.4	3.97222	0.871143	-0.624577	
251	NA	25	29	14	0	0.317539	4.25185	5.92593	0.0808599	0.73291	
252	NA	9	14	23	0	0.456897	2.68889	3.16111	0.239229	0.162951	
253	NA	13	18	17	1	0.139725	2.62222	2.27222	-0.272842	-1.16905	
254	NA	9	28	25	0	0.168724	2.05	4.51667	0.340068	0.273448	
255	NA	19	13	31	0	0.13778	3.83889	4.15	-0.613598	0.497035	
256	NA	31	27	41	0	0.151581	7.07778	6.83333	0.789459	0.76644	
257	NA	24	29	24	0	0.150145	4.86111	3.04444	0.102096	-0.738692	
258	NA	13	25	16	1	0.291294	1.97222	4.15556	0.298402	0.439628	
259	NA	23	22	28	0	0.453129	3.10556	4.45556	-1.16104	0.475226	
260	NA	12	26	35	0	0.147983	5.16667	6	0.0831049	0.780582	
261	NA	25	24	30	0	0.422399	6.02222	3.51667	0.748383	-0.72626	
262	NA	44	12	39	0	0.144759	6.07222	3.37222	0.454263	1.0362	
263	NA	17	19	11	0	0.413981	2.01111	2.51111	0.259594	-0.100428	
264	NA	12	27	19	0	0.271217	3.03889	3.9	0.329848	0.279345	
265	NA	17	12	9	0	0.248535	2.61667	1.40556	-0.382392	0.0986337	
266	NA	17	34	34	0	0.0974903	3.46111	7.13333	-0.0282753	1.09384	
267	NA	49	19	32	0	0.230686	6.46667	2.80556	-0.15509	0.0945331	
268	NA	30	16	23	16	0.351062	4.5	3.36111	0.0796119	0.240653	
269	NA	13	15	11	18	0.326209	2.01667	2.21111	0.257597	0.204857	
270	NA	26	26	25	0	0.254813	4.48333	3.03889	-0.0116286	-0.117063	
271	NA	25	27	23	0	0.28892	3.36667	4.89444	-0.616605	0.778002	
272	NA	21	33	38	0	0.254225	4.33889	7.41667	0.566923	0.904603	
273	NA	18	18	16	0	0.330618	2.8	2.69444	-0.398653	-0.249591	
274	NA	11	19	24	0	0.42059	3.35	2.61111	0.734462	-0.613582	
275	NA	28	16	14	0	0.232902	3.18889	2.7	-0.198244	0.176246	
276	NA	19	15	20	0	0.183447	3.17778	2.77222	-0.016893	0.786515	
277	NA	10	29	19	0	0.264303	1.68889	3.38889	-0.941056	-0.427004	
278	NA	21	34	7	0	0.208626	2.57222	3.08333	0.577219	-0.60134	
279	NA	29	15	31	3	0.36397	3.86111	3.24444	-0.583664	0.311357	
280	NA	14	32	11	0	0.333039	1.31111	3.62778	-0.125147	-0.0448567	
281	NA	19	21	7	0	0.256585	2.45556	2.83889	0.67704	0.957256	
282	NA	19	24	16	1	0.189906	3.3	4.25556	0.40396	0.415836	
283	NA	18	11	13	12	0.275858	2.16111	1.77222	-0.676256	-0.288206	
284	NA	27	35	27	0	0.295411	4.31667	4.85	0.312376	-0.217488	
285	NA	16	12	20	13	0.449061	3.12222	2.97778	-0.162102	0.156888	
286	NA	14	34	32	0	0.164967	2.82222	5.36111	-0.853654	-0.432824	
287	NA	18	20	12	0	0.192048	3.12222	2.55	0.680747	0.31146	
288	NA	24	26	23	0	0.322182	3.13889	2.56111	0.0345261	-0.212896	
289	NA	17	32	11	18	0.444677	2.05	4.26111	-0.129449	0.648446	
290	NA	16	17	12	0	0.0947754	2.14444	2.85556	-0.458857	0.415611	
291	NA	36	10	26	11	0.392161	6.05	2.43333	0.09256	-0.256704	
292	NA	19	19	16	0	0.237263	2.71667	2.14444	0.850426	-0.739634	
293	NA	16	24	31	0	0.300474	3.05556	6.14444	-0.659839	1.08856	
294	NA	16	45	37	0	0.32287	3.47778	8.15	-0.0760954	0.0329756	
295	NA	23	19	19	0	0.146768	3.28889	4.36111	0.21164	0.83775	
296	NA	9	26	11	2	0.446807	1.35556	3.46667	-0.599177	0.215764	
297	NA	12	11	8	0	0.412845	1.55	1.83889	-0.184517	0.465994	
298	NA	10	18	34	0	0.182391	5.25	5.87778	1.0574	1.17944	
299	NA	14	11	19	0	0.101516	2.07222	2.52778	-0.365781	0.272287	
300	NA	7	36	39	0	0.26207	2.13333	7.65	0.317354	-0.218344	
301	NA	15	41	66	0	0.224092	3.21667	10.6056	-0.830339	0.00842939	
302	NA	24	19	26	0	0.180015	5.1	4.03333	1.17998	0.424405	
303	NA	16	20	31	0	0.258023	3.79444	5.46111	-0.394173	1.37455	
304	NA	27	30	16	1	0.390282	4.26111	4.42778	0.222751	0.688974	
305	NA	29	13	131	0	0.192119	14.0389	15.4333	0.138253	-0.179337	
306	NA	12	10	9	0	0.224833	1.72222	1.27222	-0.123462	-0.359316	
307	NA	18	21	24	0	0.234076	4.94815	6.47407	0.50922	0.903275	
308	NA	26	14	10	0	0.352891	3.78889	1.86111	1.0098	0.345623	
309	NA	23	23	16	0	0.341804	3.22222	3.07222	0.337725	-0.523158	
310	NA	21	22	56	0	0.303031	5.75	8.30556	0.42665	-0.0670161	
311	NA	20	19	20	0	0.179904	2.76111	4.46111	-0.675625	1.0868	
312	NA	41	16	29	0	0.367793	5.99444	2.83889	-0.418242	0.275358	
313	NA	19	43	65	0	0.224264	9.4	7.39444	0.510591	-0.432314	
314	NA	15	30	16	0	0.286398	2.27222	3.53889	0.11496	-0.0384241	
315	NA	16	28	41	0	0.0945461	6.11667	6.6	0.717525	0.24206	
316	NA	12	20	19	0	0.168597	2.4	3.97778	-0.465577	0.673854	
317	NA	8	37	30	7	0.551557	2.85	5.83333	-0.782139	-0.268074	
318	NA	31	37	17	0	0.231582	3.23889	4.96111	-0.206488	0.220203	
319	NA	21	22	16	0	0.33251	3.67222	2.56111	1.4313	-0.210374	
320	NA	13	20	19	0	0.181453	3.32222	2.89444	0.583864	0.379591	
321	NA	9	17	14	0	0.19315	2.1	2.59444	0.972033	0.159344	
322	NA	22	12	19	2	0.267042	4.02778	2.66111	0.359548	0.42894	
323	NA	36	21	40	0	0.240865	8.28889	3.71667	1.01412	0.386686	
324	NA	15	31	17	0	0.218135	2.22222	4.96667	0.0585948	0.358681	
325	NA	10	5	26	12	0.428449	4.22222	3.13333	1.05858	0.849422	
326	NA	26	16	8	40	0.410962	3.72222	2.32222	0.781971	0.444777	
327	NA	15	17	1	3	0.24309	1.23333	1.73889	-0.465165	0.323009	
328	NA	25	16	5	0	0.201666	3.26667	1.98889	1.10222	0.360974	
329	NA	34	29	25	0	0.158827	5.65556	3.85556	0.236921	0.0550228	
330	NA	14	19	11	0	0.192112	2.75556	3.75556	-0.559129	0.207408	
331	NA	34	14	23	0	0.211204	6.13889	2.34444	0.529578	0.187954	
332	NA	18	17	30	0	0.280529	4.25556	3.56667	0.559627	0.228274	
333	NA	20	17	17	0	0.276126	3.08889	2.62222	0.0643313	0.343792	
334	NA	19	24	28	0	0.110605	3.76667	4.33333	-0.432345	0.0181981	
335	NA	8	23	51	0	0.17102	4.77222	8.39444	0.231854	1.06168	
336	NA	8	23	24	0	0.337031	2.15556	4.72222	-0.245292	0.0396868	
337	NA	43	19	21	0	0.256782	7.45556	1.84444	0.509813	-0.370703	
338	NA	24	15	21	0	0.318711	4.44444	2.42222	0.409971	-0.199099	
339	NA	23	13	12	0	0.441213	3.17222	2.16111	0.649699	0.0639247	
340	NA	15	6	23	0	0.30774	3.33333	2.28333	-0.290128	0.0793705	
341	NA	27	15	43	0	0.164523	6.22778	5.8	0.865201	0.5869	
342	NA	17	10	11	2	0.383808	2.5	1.97222	-0.0400762	0.391912	
343	NA	27	17	6	20	0.34269	4.82222	2.72593	0.312303	0.136749	
344	NA	14	16	4	3	0.400684	1.47778	1.77222	-0.468153	0.473625	
345	NA	23	11	24	0	0.0498259	4.21667	3.66111	-0.035746	0.344716	
346	NA	11	8	11	5	0.44559	2.30556	1.71667	0.521975	-0.286272	
347	NA	17	23	63	4	0.385495	6.23889	9.51667	-0.599246	0.918686	
348	NA	30	23	22	0	0.410304	3.65556	4.19444	-0.637333	0.245628	
349	NA	11	12	24	41	0.289475	4.62963	3.71111	0.717489	-0.114329	
350	NA	20	6	68	0	0.0572583	8.31111	6.79444	0.263084	-0.014924	
351	NA	14	30	23	2	0.277919	1.59444	5.44444	0.334664	-0.179499	
352	NA	37	11	39	0	0.310435	7.73333	2.86111	0.26471	0.384755	
353	NA	19	22	24	0	0.203337	3.7	3.98889	0.442288	-0.547716	
354	NA	5	36	55	0	0.12701	6.73333	10.0278	1.63409	0.968299	
355	NA	16	34	41	0	0.174326	3.10556	6.34444	-0.099905	-0.264727	
356	NA	31	7	17	2	0.352441	4.67778	0.511111	0.501537	-0.535045	
357	NA	19	26	22	0	0.204967	3.04444	4.61667	-0.872916	0.0196058	
358	NA	17	26	31	0	0.313127	2.76111	6.47778	-0.201058	1.39689	
359	NA	13	19	21	0	0.272404	3.53889	3.85	0.628126	0.860004	
360	NA	17	18	14	0	0.274901	2.42778	2.79444	0.531398	-0.147901	
361	NA	16	17	12	0	0.155121	2.71667	2.84444	0.404908	0.359695	
362	NA	13	16	69	0	0.250373	7.76111	6.53889	0.613836	0.407315	
363	NA	21	15	12	2	0.289938	2.74444	2.00556	0.158011	-0.213788	
364	NA	23	27	27	0	0.207464	5.34444	6.11667	0.310425	0.950628	
365	NA	65	10	46	8	0.418987	7.7	1.82778	0.10602	-0.345174	
366	NA	28	18	18	0	0.309353	4.72778	1.96111	0.481155	-0.358323	
367	NA	16	26	22	0	0.373541	1.52778	5.67222	-0.492948	0.808145	
368	NA	28	12	29	0	0.139109	5.36111	4.12222	0.304175	0.762875	
369	NA	26	28	22	0	0.271474	4.36111	3.63333	0.896354	0.0292516	
370	NA	23	23	12	24	0.261429	2.81667	3.04444	-0.152123	-0.162588	
371	NA	14	17	33	0	0.233007	3.28889	4.98889	-0.317942	0.387688	
372	NA	34	19	30	0	0.267434	6.38333	3.78333	0.531796	-0.123736	
373	NA	31	13	22	3	0.308613	4.35556	3.32222	-0.530227	0.334339	
374	NA	14	13	10	0	0.210413	2.17778	1.98333	0.104346	-0.135548	
375	NA	21	23	10	18	0.421937	2.93333	2.74444	0.313695	0.153928	
376	NA	19	15	50	0	0.112015	5.28333	4.46111	0.0308426	0.178275	
377	NA	15	35	28	0	0.2396	2.59444	5.5	0.43646	0.580708	
378	NA	18	26	54	0	0.241524	4.07778	6.52222	-0.859452	0.486559	
379	NA	25	22	77	0	0.235827	12.4889	6.46111	1.42215	-0.436972	
380	NA	48	21	50	0	0.182125	8.31111	6.40556	0.0649846	0.175273	
381	NA	19	24	26	1	0.311707	4.50556	5.92778	0.955095	1.4618	
382	NA	21	31	10	0	0.221394	2.6	3.42222	-0.0393146	-0.393162	
383	NA	18	19	18	0	0.200833	2.7	3.46667	-0.270417	0.565405	
384	NA	8	7	12	5	0.330051	2	1.84444	0.195972	0.247822	
385	NA	9	12	28	0	0.0394398	5.65926	5.33333	1.33953	0.523153	
386	NA	14	9	22	0	0.122283	2.1	3.38333	-0.52735	0.381701	
387	NA	35	13	28	0	0.132486	5.20556	3.30556	0.147225	0.301023	
388	NA	22	12	20	0	0.356318	2.92778	2.97222	-0.17475	-0.0419539	
389	NA	8	24	28	0	0.131811	3.36111	4.84444	0.583314	0.341789	
390	NA	18	20	42	0	0.0862665	6.78333	6.71111	0.993383	0.706444	
391	NA	29	14	38	0	0.162823	4.81667	3.16111	-0.149887	0.418261	
392	NA	11	38	29	0	0.322811	1.88889	5.93333	-0.0959743	0.33154	
393	NA	32	12	32	0	0.221117	6.38889	3.60556	0.791732	-0.112167	
394	NA	33	8	40	0	0.164613	7.66667	3.11111	1.12554	-0.336656	
395	NA	18	31	61	0	0.154942	9.52778	8.63333	1.11333	0.09605	
396	NA	28	39	26	0	0.327925	6.12778	6.69444	0.673086	0.205974	
397	NA	19	18	35	0	0.213446	6.31111	5.21667	0.667366	0.157171	
398	NA	16	20	23	0	0.223141	2.70556	4.36667	-0.274013	0.467308	
399	NA	18	24	12	17	0.354484	2.42222	2.95556	0.0625935	-0.198448	
400	NA	11	20	17	0	0.229806	2.86667	2.86667	0.712485	-0.515954	
401	NA	15	40	52	0	0.220812	3.62778	9.01111	0.207745	0.40401	
402	NA	49	16	44	5	0.315196	6.83889	3.43889	0.445617	0.056256	
403	NA	20	17	3	1	0.432963	2.21111	1.81667	0.8421	0.634257	
404	NA	52	15	73	0	0.106877	10.6444	3.38333	-0.38813	-0.611479	
405	NA	20	19	19	0	0.129497	3.45556	3.38333	0.18596	-0.219702	
406	NA	13	13	16	0	0.15859	2.99444	2.95556	0.714807	0.787249	
407	NA	15	24	26	0	0.217002	4.24444	3.48333	0.567127	-0.231992	
408	NA	8	24	25	4	0.297046	3.55556	4.85	1.30919	0.643627	
409	NA	26	16	26	0	0.203798	4.55	3.46667	-0.243921	0.451415	
410	NA	15	24	23	0	0.136262	4.3037	6.14074	-0.0681466	0.597027	
411	NA	29	16	13	9	0.349809	2.92222	1.81667	0.196057	-0.677602	
412	NA	11	16	27	0	0.197435	4.18333	3.32778	0.942327	-0.00711603	
413	NA	9	35	39	0	0.223253	2.83333	5.28889	0.196347	0.0408009	
414	NA	22	13	59	0	0.325518	10.9926	9.66667	0.539507	0.430863	
415	NA	27	15	15	16	0.360424	3.32778	2.22778	0.475889	-0.668364	
416	NA	31	12	21	0	0.251189	3.47778	2.71111	-0.461204	-0.307114	
417	NA	19	17	33	0	0.110632	4.28889	4.82778	-0.239461	0.658251	
418	NA	16	26	22	0	0.164378	3.18889	4.39444	0.354121	-0.0590696	
419	NA	18	21	25	0	0.243779	3.32222	4.87778	-0.319368	0.896359	
420	NA	19	21	26	0	0.270014	3.87222	3.89444	-0.29205	0.564891	
421	NA	22	21	36	2	0.325596	6.06667	4.46667	0.503645	-0.723902	
422	NA	21	19	18	2	0.220343	2.48889	2.60556	-0.209005	-0.415338	
423	NA	11	27	17	0	0.292801	1.92222	4.35556	0.831601	0.322197	
424	NA	13	18	50	1	0.406306	4.73333	7.45556	-0.204606	0.402114	
425	NA	30	15	21	0	0.224813	3.56667	2.01111	-0.259075	0.912317	
426	NA	21	18	16	0	0.361628	3.05556	2.93333	-0.336904	0.282975	
427	NA	15	29	26	0	0.0369439	2.76667	5.28333	-0.00986938	0.789534	
428	NA	25	13	10	2	0.355345	1.97222	1.27778	-1.40074	-0.440413	
429	NA	9	31	22	0	0.240623	1.87222	5.6	-0.240735	0.987188	
430	NA	16	20	17	12	0.207158	2.33889	2.92778	-0.320177	0.235747	
431	NA	17	28	22	0	0.281021	3.65	4.48889	0.267587	-0.470493	
432	NA	21	23	3	21	0.348206	1.97778	2.38889	-0.410211	-0.144176	
433	NA	22	17	29	0	0.123799	5.39444	4.76111	0.673048	0.905512	
434	NA	10	13	32	0	0.343652	3.46111	4.65556	0.378546	0.479019	
435	NA	20	18	29	0	0.355045	3.35	4.31667	-0.910388	0.08985	
436	NA	20	26	24	0	0.291866	3.96111	4.73333	0.706595	0.295677	
437	NA	14	19	19	0	0.221931	2.3	2.43333	-0.368079	0.18974	
438	NA	9	19	55	0	0.0491665	7.64444	11.7259	0.0145846	0.881392	
439	NA	33	7	18	3	0.23586	4.18889	1.41667	0.555861	0.340938	
440	NA	17	22	25	0	0.36293	2.80556	3.8	-0.546457	0.0684591	
441	NA	40	23	16	3	0.319244	4.52778	2.42778	0.26689	0.0294363	
442	NA	29	13	29	0	0.23016	4.11667	2.68333	-0.441046	0.20426	
443	NA	27	12	67	0	0.279369	8.73333	6.38889	0.878828	0.680844	
444	NA	18	24	21	1	0.0628969	2.91111	3.78889	-0.539437	-0.0606714	
445	NA	17	15	29	0	0.00620453	4.16111	4.11667	-0.480649	-0.175767	
446	NA	12	26	29	0	0.37718	1.50556	5.13333	0.462683	0.397809	
447	NA	26	23	35	18	0.338794	3.95556	4.64444	-0.651953	0.586107	
448	NA	7	18	14	0	0.27497	1.25	2.9	-0.0440816	-0.007073	
449	NA	11	32	18	0	0.0724755	2.14444	5.27222	0.879163	0.685468	
450	NA	25	39	16	0	0.29054	3.67778	4.57778	0.261647	-0.337544	
451	NA	12	17	17	3	0.348896	2.39444	3.58333	-0.221479	0.755963	
452	NA	11	20	22	1	0.24409	2.55	4.63333	0.178035	1.04122	
453	NA	15	26	25	0	0.145568	3.51111	5.26667	-0.00183178	0.959792	
454	NA	13	32	14	0	0.490299	1.55556	4.03333	-0.0958671	-0.291102	
455	NA	28	14	17	1	0.310989	3.42778	2.58889	-0.555289	-0.0914007	
456	NA	22	17	26	0	0.438247	4.71111	2.66111	0.771728	-0.254768	
457	NA	31	30	8	0	0.26723	3.26667	3.11111	0.471293	-0.289347	
458	NA	16	33	21	7	0.630537	2.88889	5.50556	0.0093475	0.380763	
459	NA	52	14	46	0	0.0981974	6.33333	1.9	-0.393691	-0.311974	
460	NA	24	34	24	0	0.189377	3.67222	5.59444	-0.21391	0.173261	
461	NA	27	14	20	0	0.0641738	4.27222	2.36667	-0.124994	-0.568713	
462	NA	22	53	42	0	0.380127	3.31111	6.83333	0.0763889	-0.283044	
463	NA	15	17	18	0	0.181356	3.47778	3.58333	0.408343	0.495779	
464	NA	16	26	21	8	0.372417	3.22778	4.72222	0.97642	1.00812	
465	NA	6	31	16	0	0.21874	0.966667	3.91111	-0.169902	-0.600182	
466	NA	41	12	28	2	0.439403	7.88889	2.48333	1.04565	0.611828	
467	NA	27	15	27	3	0.151509	4.61667	2.63333	0.102015	-0.431315	
468	NA	23	16	25	0	0.38369	4.06667	3.58333	-0.270645	0.1936	
469	NA	43	11	52	0	0.165002	7.98333	2.51111	-0.525245	0.285554	
470	NA	33	26	25	0	0.293605	5.93333	3.91111	0.336308	0.641628	
471	NA	16	24	8	14	0.337571	1.72222	3.04444	-0.609375	0.430161	
472	NA	35	20	32	2	0.423406	6.87222	2.97778	1.30166	-0.188849	
473	NA	13	26	32	0	0.0264878	4.42222	5.48889	0.100754	0.0164706	
474	NA	19	23	48	0	0.133264	7.52778	4.46667	0.997131	-0.812901	
475	NA	25	24	11	0	0.375126	3.15556	3.75	0.221567	1.33059	
476	NA	18	6	20	0	0.218705	4.12222	2.21111	0.690212	-0.284949	
477	NA	13	14	20	0	0.209616	3.74815	4.31111	-0.23686	-0.0599272	
478	NA	17	12	12	1	0.36315	2.51111	1.42778	-0.568534	-0.000608294	
479	NA	20	32	24	0	0.340879	4.33889	4.67778	0.0129027	-0.096728	
480	NA	15	13	7	0	0.230036	2.25	1.68889	0.305446	0.429078	
481	NA	26	21	57	0	0.165563	8.47222	6.86111	0.767203	0.222609	
482	NA	11	8	13	0	0.278523	2.41667	1.4	0.568033	-0.467149	
483	NA	14	18	20	0	0.170212	3.37222	3.55556	0.368302	0.55227	
484	NA	12	22	31	0	0.185954	3.33889	4.93889	0.367066	0.497323	
485	NA	17	12	17	1	0.315198	2.98889	2.62778	-0.280227	0.0347141	
486	NA	18	15	21	0	0.266136	3	3.62222	0.163007	0.904672	
487	NA	15	15	17	0	0.0901527	3.03889	3.22778	0.270688	0.587611	
488	NA	8	19	6	0	0.343939	1	1.87778	0.450935	-0.770744	
489	NA	9	21	15	0	0.172132	2.06667	2.78333	0.228799	-0.445958	
490	NA	20	27	13	0	0.338888	2.88889	4.85926	-0.682412	0.34392	
491	NA	22	19	41	0	0.162794	3.81667	7.10556	-0.301191	0.390446	
492	NA	19	25	15	0	0.325823	2.21111	4.32778	-0.200272	0.455574	
493	NA	17	33	12	0	0.282154	1.86667	3.88333	-0.0125926	0.228671	
494	NA	21	22	17	0	0.185953	3.58333	3.31667	0.416291	0.138666	
495	NA	14	13	17	0	0.368859	2.69444	2.30556	-0.128453	0.210332	
496	NA	22	11	28	0	0.355245	5.01667	2.64444	0.315448	-0.301954	
497	NA	23	17	39	0	0.190717	4.26111	4.32778	-0.949046	0.201987	
498	NA	31	13	14	4	0.243272	5.08333	2.28889	0.668469	0.336158	
499	NA	20	12	43	0	0.0614459	7.21667	6.16667	1.20742	1.1502	
500	NA	23	18	37	0	0.25811	6.57222	5.73889	1.19249	0.657664	
501	NA	17	39	31	8	0.320593	3.23333	5.25	0.103311	-0.251834	
502	NA	17	14	3	0	0.308163	1.72222	1.42222	-0.272578	-0.387638	
503	NA	27	11	16	7	0.447284	4.12222	1.91111	0.0162781	0.176775	
504	NA	21	29	13	0	0.224702	1.78889	3.17778	-0.81375	-0.232951	
505	NA	44	29	48	0	0.133057	8.02222	7.23889	-0.16448	0.0481101	
506	NA	14	8	27	0	0.437541	3.25556	2.95556	-0.0344796	-0.00515105	
507	NA	24	21	8	14	0.38664	2.67778	2.61667	0.0713047	0.159031	
508	NA	20	32	18	0	0.166208	4.28889	4.30556	0.895794	-0.0694762	
509	NA	9	16	36	0	0.15621	5.06111	4.76667	0.0168542	0.210287	
510	NA	17	30	14	0	0.388432	2.28333	4.61111	-0.816086	0.848886	
511	NA	27	39	16	5	0.342171	4.46111	5.11111	0.600102	0.538798	
512	NA	24	29	18	0	0.370845	3.11111	4.15	-0.269749	0.76254	
513	NA	20	39	30	0	0.236708	5.62222	6.00556	1.32347	-0.379944	
514	NA	35	15	20	2	0.461448	4.57222	1.57778	0.102581	0.458745	
515	NA	29	12	60	0	0.202997	12.0667	10.363	0.0615125	1.27759	
516	NA	34	27	24	0	0.366456	4.61667	4.43333	0.304591	0.0702507	
517	NA	37	22	14	4	0.192887	4.47778	3.18333	0.110043	0.13155	
518	NA	15	11	14	0	0.257549	2.53889	1.76667	0.254582	-0.499041	
519	NA	15	13	10	25	0.483336	2.6	1.84444	0.894108	0.067165	
520	NA	15	17	27	0	0.130479	2.78889	4.73889	-0.962051	1.05287	
521	NA	12	16	26	0	0.128804	2.28889	3.27222	-0.645681	-0.618519	
522	NA	25	49	30	0	0.44974	2.32778	4.82778	-0.313592	-0.683232	
523	NA	29	34	24	0	0.311421	5.21111	5.85	0.888588	0.993477	
524	NA	22	38	29	0	0.291183	3.08889	6.48333	-0.224514	0.691829	
525	NA	18	9	34	0	0.307567	4.70556	4.62778	-0.241666	0.392516	
526	NA	26	10	32	6	0.259009	6.11667	4.14444	1.00127	0.840786	
527	NA	19	15	40	0	0.255032	6.05	4.5	0.244176	-0.310056	
528	NA	14	20	12	3	0.317822	2.00556	3.39444	-0.392384	0.935852	
529	NA	32	18	23	0	0.230816	5.8	2.66667	0.607109	0.191844	
530	NA	22	27	30	0	0.0842636	5.25	5.30556	0.229349	0.282315	
531	NA	27	21	17	0	0.250458	4.43889	3.55	0.705727	0.995616	
532	NA	7	12	9	15	0.384521	1.41111	1.32222	-0.0424356	-0.821442	
533	NA	38	16	40	5	0.309613	7.99444	3.86111	0.830847	-0.513507	
534	NA	51	26	67	0	0.329333	14.3389	5.52222	1.40029	0.40992	
535	NA	18	17	28	0	0.135139	4.36111	3.9	0.357503	0.805708	
536	NA	20	16	20	0	0.236717	2.93333	2.98889	-0.694612	0.248347	
537	NA	15	24	50	0	0.282012	6.56111	5.08889	-0.116738	-0.679559	
538	NA	32	29	24	2	0.464648	5.91667	4.73333	1.23853	0.904366	
539	NA	22	26	69	0	0.199135	11.1	10.6056	0.505566	0.828012	
540	NA	41	12	21	3	0.286712	6.33333	2.57778	0.955142	-0.297365	
541	NA	13	32	27	0	0.266727	2.86667	4.47222	-0.391586	-0.825509	
542	NA	21	16	18	0	0.453096	3.9	2.06111	0.399069	-0.365809	
543	NA	33	13	7	15	0.375735	4.22222	1.95	0.48165	0.200444	
544	NA	17	21	53	0	0.166711	8.05556	7.71111	0.976947	0.898678	
545	NA	23	27	25	0	0.298631	2.76667	5.3	-0.200457	0.605248	
546	NA	21	20	9	10	0.499926	3.42778	2.96111	0.942956	0.331734	
547	NA	7	13	37	0	0.197069	4.32778	4.26111	0.469725	-0.102352	
548	NA	12	53	39	0	0.305248	2.17222	6.58889	0.326626	0.283924	
549	NA	20	19	53	0	0.291533	4.78333	5.35556	-0.719991	-1.2141	
550	NA	10	14	47	0	0.20399	4.32778	6.45556	-0.00997842	0.72826	
551	NA	21	15	12	11	0.387964	4.17037	3.02963	0.508811	0.0471397	
552	NA	29	10	26	0	0.106155	5.63333	3.1	0.229902	0.324182	
553	NA	28	19	28	0	0.275494	5.74444	3.65556	0.915243	-0.280149	
554	NA	23	22	36	0	0.188538	3.96667	5.56111	-0.566989	1.16581	
555	NA	20	42	27	0	0.267318	2.32222	6.37222	-0.272899	-0.217614	
556	NA	11	30	34	0	0.275927	5.18333	6.45	0.893047	0.386832	
557	NA	16	26	14	22	0.45714	2.81111	3.05556	0.707885	-0.435899	
558	NA	12	23	19	2	0.216503	3.42222	4.34444	0.619177	0.440605	
559	NA	28	13	20	7	0.326518	4.81667	2.17778	0.629843	0.316575	
560	NA	23	32	15	0	0.377364	2.42222	4.90556	-0.189769	0.102849	
561	NA	12	59	55	0	0.061497	3.93333	8.66667	0.235168	0.247617	
562	NA	35	14	36	0	0.415212	5.4	2.78333	-0.435093	0.0193408	
563	NA	15	16	52	0	0.319314	4.37778	7.83333	-0.768644	0.479759	
564	NA	21	14	13	0	0.330038	2.85	1.76667	-0.0214927	-0.176109	
565	NA	20	16	20	0	0.332075	3.39444	2.54444	0.491688	0.235483	
566	NA	11	23	27	0	0.314731	4.85185	4.2	0.561206	-0.381163	
567	NA	18	23	11	0	0.284504	3.02778	2.71111	0.907885	-0.7245	
568	NA	22	10	25	0	0.293327	4.86667	2.51111	0.95564	0.289822	
569	NA	35	27	18	0	0.186672	4.71111	4.38889	-0.114241	0.331728	
570	NA	16	19	23	0	0.0893561	3.40556	4.2	0.133936	0.763352	
571	NA	13	43	25	0	0.161643	3.51111	8.97778	0.186565	0.565629	
572	NA	11	16	21	30	0.408385	2.77778	2.85556	-0.321798	-0.423448	
573	NA	15	12	14	10	0.32847	2.9	2.73333	0.408997	0.122354	
574	NA	11	24	44	0	0.172044	4.45	5.6	0.303862	-0.447274	
575	NA	8	14	11	0	0.417384	1.16111	1.8	-0.601884	-0.111317	
576	NA	12	33	10	0	0.179263	1.70556	3.57222	0.470916	-0.490187	
577	NA	13	27	34	0	0.165886	3.89444	6.40556	0.192309	0.789196	
578	NA	31	9	14	2	0.322676	4.84444	0.605556	-0.0394749	-0.74413	
579	NA	18	21	22	0	0.2949	3.56111	3.46111	0.172967	-0.322067	
580	NA	23	45	25	0	0.199399	3.14444	7.01667	-0.227524	0.493215	
581	NA	21	46	22	0	0.452703	2.52778	8.20556	-0.252931	0.92699	
582	NA	42	21	4	8	0.260349	4.82778	2.4	0.69397	0.58007	
583	NA	66	20	74	5	0.325089	17.4167	5.82222	0.96332	0.204932	
584	NA	47	16	29	3	0.156186	4.81111	2.07778	-0.371963	-0.567733	
585	NA	15	21	40	0	0.165494	5.19444	6.58889	1.05707	0.770376	
586	NA	11	18	50	4	0.378729	7.53333	3.99444	1.60748	-0.300053	
587	NA	15	29	56	0	0.0969773	3.8	9.15	0.195752	1.0935	
588	NA	10	20	12	0	0.2502	2.55556	3.35	1.18697	1.06105	
589	NA	25	16	20	0	0.315695	3.83889	3.37222	-0.205421	0.392071	
590	NA	32	14	45	0	0.0871871	7.13889	4.53889	-0.0744344	0.409506	
591	NA	21	12	55	0	0.309954	7.5	5.25556	-0.041521	0.0916098	
592	NA	16	16	11	1	0.391936	2.47222	1.90556	0.247508	-0.490221	
593	NA	32	16	27	0	0.354138	5.8	3.85	0.282884	0.166069	
594	NA	21	22	10	1	0.435797	1.88333	3.24444	-0.460797	0.810438	
595	NA	21	9	2	7	0.300968	2.06111	0.766667	0.341874	-0.873354	
596	NA	21	59	21	10	0.488193	2.31667	8.27222	-0.112663	0.671487	
597	NA	10	27	10	1	0.449806	1.67222	2.72778	-0.0742851	-0.705461	
598	NA	13	25	8	30	0.28686	1.85	3.23889	-0.259221	0.723732	
599	NA	10	27	35	1	0.132699	4.05556	6.48889	0.87845	0.37649	
600	NA	9	10	19	9	0.394206	2.08333	3.05556	-0.297656	0.936429	
601	NA	26	25	14	0	0.345529	3.29444	3.65	-0.265716	0.690928	
602	NA	25	9	26	0	0.422919	4.47778	3.22778	0.221368	-0.142369	
603	NA	33	13	27	0	0.283376	5.20556	1.41667	-0.0958427	-0.0130237	
604	NA	22	52	19	51	0.296833	4.57222	4.86111	1.2404	0.104493	
605	NA	26	20	27	0	0.279915	3.50556	4.60556	-0.310177	0.0968376	
606	NA	54	9	34	0	0.326714	9.34444	0.916667	0.367087	-0.804458	
607	NA	11	31	33	0	0.177061	4.83333	6.28889	1.25991	0.0814881	
608	NA	15	21	17	0	0.287124	3.01667	2.8	0.0610182	0.085339	
609	NA	20	17	15	0	0.0989094	2.81111	3.47222	-0.214	0.650967	
610	NA	49	29	18	0	0.175947	5.83333	4.49444	-0.176101	-0.409807	
611	NA	23	16	10	0	0.320425	3.03889	2.02778	0.332895	0.513833	
612	NA	21	21	31	0	0.353514	3.27222	4.80556	-0.106785	-0.195626	
613	NA	17	11	19	0	0.25095	3.46111	3.11111	0.510496	0.839429	
614	NA	32	18	14	0	0.314218	4.80556	2.49444	0.75531	0.473071	
615	NA	34	3	20	9	0.298016	6.16667	1.56667	1.34667	-0.0134656	
616	NA	7	24	6	8	0.302457	1.08889	2.65	-0.515036	0.401848	
617	NA	23	23	38	1	0.390505	4.95	5.24444	-0.28787	-0.563169	
618	NA	19	14	16	0	0.365669	3.08889	2.53889	0.0626126	0.0128833	
619	NA	7	22	53	0	0.18567	7.22222	9.17037	-0.126103	0.302137	
620	NA	14	15	18	0	0.177196	2.73333	3.01111	0.201148	-0.195565	
621	NA	12	37	26	0	0.258435	2.53333	5.11111	0.283984	-0.216171	
622	NA	26	20	8	0	0.317652	2.93889	2.38333	0.178635	0.147898	
623	NA	28	5	7	1	0.418555	3.71111	0.696296	0.013756	-0.483557	
624	NA	20	9	28	2	0.43781	4.3	2.70556	0.0245022	-0.228716	
625	NA	15	22	43	0	0.32364	6.08333	6.53333	-0.303058	0.357187	
626	NA	16	26	33	0	0.303874	3.42222	5.37222	0.0420102	0.0667538	
627	NA	12	25	35	0	0.270848	5.00556	5.41667	0.630702	0.461124	
628	NA	27	13	18	18	0.43328	4.05	2.06667	0.548151	-0.120996	
629	NA	24	25	36	0	0.234413	4.70556	5.13333	0.23303	-0.518553	
630	NA	12	31	29	2	0.170183	3.25556	6.45	0.481907	0.745666	
631	NA	11	27	38	0	0.155756	5.47778	6.18333	1.3593	0.457167	
632	NA	31	30	17	0	0.263268	3.29444	3.17222	-0.29351	-0.434434	
633	NA	14	17	26	0	0.301636	3.76667	4.56667	0.0215608	0.778541	
634	NA	14	24	17	0	0.238434	2.41667	3.93889	0.825528	0.41725	
635	NA	28	10	32	0	0.291729	5.3	2.36111	0.165886	-1.30389	
636	NA	12	13	15	11	0.216692	2.39444	2.10556	0.391776	-0.30642	
637	NA	16	46	30	0	0.189063	2.7	4.88889	-0.0810522	-0.512127	
638	NA	31	9	39	0	0.161719	5.03889	2.39444	-0.0425084	-0.0496256	
639	NA	17	10	10	0	0.269188	2.41111	1.66111	0.216517	-0.058144	
640	NA	22	20	28	0	0.215979	3.96667	4.68889	-0.416232	0.851501	
641	NA	21	9	15	1	0.372993	2.95556	1.83333	-0.148657	0.20239	
642	NA	45	17	31	0	0.39666	8.18889	2.42778	0.0349789	0.0991688	
643	NA	14	12	31	27	0.440394	5.03704	4.56296	-0.0714987	-0.749924	
644	NA	16	16	18	9	0.306624	3.66667	2.63333	0.639383	-0.50296	
645	NA	16	22	15	30	0.280593	3.28333	2.92778	0.654835	-0.327521	
646	NA	18	26	21	0	0.315009	2.63333	4.80556	-0.43385	0.926804	
647	NA	17	13	25	0	0.269494	4.05	3.64444	0.503711	0.725731	
648	NA	23	20	17	0	0.223864	3.53889	2.86667	0.488592	-0.0700205	
649	NA	23	40	30	0	0.292604	3.00556	6.22778	-0.692191	0.226702	
650	NA	10	25	10	2	0.240038	1.62778	2.41111	0.0502868	-0.736777	
651	NA	31	10	45	0	0.141957	6.42778	3.65	0.0933484	0.58583	
652	NA	23	22	14	4	0.373928	3.01111	2.16111	-0.493709	-1.15027	
653	NA	19	21	35	0	0.14795	5.10556	5.43333	-0.240927	0.386994	
654	NA	24	33	29	5	0.299712	3.74444	6.42222	0.264483	0.907716	
655	NA	10	17	49	0	0.243185	6.27778	6.56667	0.715689	0.666553	
656	NA	25	18	19	0	0.181129	3.43889	2.30556	-0.034145	0.136879	
657	NA	17	11	20	0	0.334603	3.71111	1.81667	0.73744	-0.148706	
658	NA	9	14	20	0	0.165554	2.74444	3.45	0.454933	0.825142	
659	NA	28	3	9	1	0.201141	3.80556	1.03333	0.344035	0.370359	
660	NA	15	13	45	0	0.186676	7.18333	5.43333	1.35418	0.92931	
661	NA	12	25	33	0	0.04924	3.98889	5.22222	0.575358	-0.214304	
662	NA	36	29	24	0	0.354802	4.40556	5.06667	-0.523814	0.792361	
663	NA	6	25	13	16	0.271024	1.98333	3.78889	0.530401	0.465623	
664	NA	15	46	31	0	0.193025	3.06111	5.8	0.207023	-0.601069	
665	NA	35	12	38	0	0.192001	8.78889	2.75556	0.77429	0.353514	
666	NA	31	12	7	0	0.405616	4.32593	1.14815	0.0604411	-0.683407	
667	NA	15	14	14	0	0.373052	3.22778	2.17222	0.817391	-0.308961	
668	NA	22	16	3	35	0.365487	2.2	1.75	0.332542	0.072132	
669	NA	24	30	25	0	0.277221	3.96667	4.15556	-0.559614	0.175331	
670	NA	21	21	26	0	0.306116	5.36667	3.93333	1.03932	0.382736	
671	NA	17	20	22	0	0.209187	2.86111	2.86111	-0.362186	-0.289295	
672	NA	9	32	28	0	0.265166	3.24444	5.85	0.55804	0.646683	
673	NA	24	25	14	2	0.343259	2.66667	2.73333	-0.342363	-0.0363258	
674	NA	19	11	29	0	0.340459	4.1	2.71667	-0.0482948	-0.535431	
675	NA	22	10	20	3	0.389844	2.93333	2.61667	-0.260415	1.26663	
676	NA	30	21	40	0	0.375141	7.46667	3.6	0.808538	-0.761465	
677	NA	21	29	24	0	0.351404	2.34444	5.33333	-0.804478	0.389227	
678	NA	19	12	22	0	0.248862	3.89444	2.97778	0.336238	-0.271765	
679	NA	13	19	9	2	0.41471	2.12222	1.9	0.638297	-0.712589	
680	NA	12	37	31	0	0.247017	3.1	7.56667	0.234764	0.828303	
681	NA	21	27	12	0	0.197368	3.32222	4.08889	0.389689	0.537664	
682	NA	35	18	36	0	0.23784	6.43889	5.40556	0.39155	0.373913	
683	NA	20	20	19	0	0.261118	3.57778	3.57778	1.52053	-0.164191	
684	NA	17	12	64	0	0.225166	9.7	5.71667	0.769735	-0.114273	
685	NA	11	21	31	0	0.197339	3.92778	3.63889	0.340886	-0.888152	
686	NA	16	14	24	0	0.163354	2.92222	3.28333	-0.23469	0.619821	
687	NA	43	4	18	2	0.263075	5.82778	0.288889	-0.148721	-0.928903	
688	NA	26	29	15	0	0.271478	3.87222	3.99444	0.0269284	0.399503	
689	NA	21	31	52	0	0.14918	7.22778	6.3	0.793502	0.092513	
690	NA	24	11	31	0	0.113368	5.05556	4.03889	0.330675	0.138309	
691	NA	23	15	12	1	0.279382	3.28333	1.47778	-0.0235599	0.357156	
692	NA	8	17	14	0	0.23673	1.72778	3.17222	0.0119196	0.941242	
693	NA	25	32	12	0	0.307606	4.16111	3.34444	1.28908	-0.54938	
694	NA	29	10	7	8	0.252342	4.4	1.72778	1.32278	0.273417	
695	NA	32	27	12	3	0.353845	4.69444	2.95	0.223683	-0.143758	
696	NA	25	22	15	0	0.203599	3.81111	3.56111	0.141896	0.35942	
697	NA	9	17	10	0	0.222293	1.88333	2.28333	0.900873	0.0142639	
698	NA	32	15	12	0	0.311905	5.83704	2.04444	0.666206	-0.561604	
699	NA	19	28	51	0	0.0853953	6.17222	8.22222	1.06715	0.85338	
700	NA	46	18	31	0	0.0717142	7.75	4.42222	0.234133	0.878495	
701	NA	16	36	42	0	0.328035	4.26111	5.52778	0.0665459	-0.336923	
702	NA	9	23	13	2	0.313074	1.72222	2.78333	0.398503	-0.192855	
703	NA	11	13	22	0	0.142097	2.96667	3.05	-0.420459	-0.084485	
704	NA	17	26	23	0	0.147522	3.58333	4.83889	0.196628	0.59572	
705	NA	37	23	14	2	0.446038	3.23889	2.42778	-0.21777	0.0331956	
706	NA	29	40	22	1	0.457113	2.66111	4.78889	-0.922321	-0.113263	
707	NA	13	62	28	0	0.190089	1.62778	9.68889	-0.221808	-0.451287	
708	NA	35	12	27	3	0.353718	5.96111	1.87778	0.46454	0.146982	
709	NA	30	15	11	0	0.329081	5.68889	2.43704	0.950696	-0.422506	
710	NA	21	12	65	0	0.132474	13.0741	10.1778	0.875948	0.331716	
711	NA	17	19	69	0	0.20048	7.28889	7.82222	0.612637	0.109591	
712	NA	26	21	22	0	0.147714	3.84444	3.86667	-0.350339	-0.129866	
713	NA	38	16	32	0	0.198669	7.68333	2.74444	0.481902	-0.833068	
714	NA	21	21	39	0	0.28905	8.4	8.00741	0.569869	0.671758	
715	NA	24	30	14	11	0.411145	2.83333	3.97778	-0.568252	-0.111425	
716	NA	10	20	11	15	0.467577	1.91111	3.27222	0.188265	0.362569	
717	NA	13	47	25	1	0.333847	1.96111	6.80556	-0.05428	-0.21399	
718	NA	31	12	18	5	0.305906	3.30556	2.29444	-0.800703	-0.439356	
719	NA	19	24	27	0	0.280847	3.23889	4.70556	-0.669652	0.139814	
720	NA	20	37	24	1	0.340236	1.92222	5.65	-0.772615	0.36432	
721	NA	20	22	6	0	0.432383	1.54444	3.28333	-0.98879	0.950551	
722	NA	16	32	37	3	0.583292	3.35556	6.01667	-0.145958	0.609719	
723	NA	7	15	29	0	0.10002	4.39444	4.59444	1.25696	0.756032	
724	NA	9	22	18	0	0.204778	1.14444	4.55	-0.655191	0.414887	
725	NA	12	29	14	2	0.364895	1.83889	3.93889	-0.370879	0.101671	
726	NA	11	32	16	0	0.296958	1.55	3.31111	0.684714	-0.073386	
727	NA	20	14	22	0	0.208516	4	2.35	0.211948	-0.57788	
728	NA	14	12	34	4	0.25908	5.38333	5.22222	0.411686	0.602388	
729	NA	11	26	18	3	0.364621	1.71111	4.57778	0.0676707	0.416532	
730	NA	9	19	30	0	0.119415	3.5	4.25	-0.0898442	0.182459	
731	NA	17	19	36	0	0.293343	4.50556	5.34444	0.509835	0.908865	
732	NA	23	21	33	0	0.228888	4.06111	5.89444	-0.293626	1.10486	
733	NA	14	23	20	0	0.217811	4.81481	4.98519	0.601848	0.675014	
734	NA	40	16	14	0	0.201021	5.15	2.08889	0.0378451	0.243089	
735	NA	23	12	16	0	0.135388	4.06667	2.02778	0.24397	-0.515949	
736	NA	24	10	45	0	0.169379	6.00556	3.01111	-0.143747	0.123221	
737	NA	20	8	25	10	0.42112	4.19444	3.57778	-0.01072	0.325277	
738	NA	27	23	30	0	0.440509	4.56111	2.98889	-0.279074	0.144727	
739	NA	24	25	38	0	0.282919	4.62778	6.23333	0.134593	0.013961	
740	NA	13	24	26	0	0.12831	3.45	5.9	0.322635	1.11779	
741	NA	13	14	20	0	0.366842	2.37222	3.36667	-0.567552	0.075096	
742	NA	16	6	20	3	0.357968	3.63333	2.13333	0.12114	-0.0203126	
743	NA	20	14	14	9	0.504081	3.61667	1.83889	0.784925	0.274635	
744	NA	28	10	16	2	0.484754	3.93889	1.60556	-0.0914224	0.146063	
745	NA	16	14	13	0	0.193433	2.99444	2.53889	0.818914	0.877126	
746	NA	12	16	35	0	0.112203	3.72778	5.31111	-0.0169283	0.740794	
747	NA	22	28	24	0	0.242643	2.86111	5.10556	-0.98385	0.696242	
748	NA	28	12	51	0	0.258294	7.13333	3.55556	0.302129	0.336778	
749	NA	22	15	19	1	0.511154	2.7	2.01667	-1.08383	0.539493	
750	NA	19	20	7	20	0.341488	2.13889	2.17222	0.0676743	-0.464192	
751	NA	14	13	31	0	0.149097	2.73333	3.16667	-0.235653	-0.479996	
752	NA	26	20	34	0	0.131753	8.45926	6.80741	0.901348	0.933347	
753	NA	17	20	15	0	0.219121	3.29444	3.51111	1.15089	0.728384	
754	NA	11	25	22	5	0.418087	2.72778	4.22778	-0.403764	-0.23584	
755	NA	19	19	26	0	0.224124	6.57037	6.91852	0.798633	1.06727	
756	NA	23	15	21	17	0.352979	2.74444	3.15	-1.29618	0.0324111	
757	NA	16	11	12	0	0.153421	1.60556	2.16667	-0.743493	0.819202	
758	NA	20	15	27	0	0.163501	3.83333	3.18333	-0.0291166	0.258717	
759	NA	15	24	23	0	0.193369	2.87222	4.53333	-0.274659	1.06063	
760	NA	21	15	30	0	0.258146	7.17778	3.25185	0.868475	-0.419114	
761	NA	17	21	15	2	0.237496	2.10556	3.33333	-0.478834	0.501865	
762	NA	23	13	46	0	0.0948438	7.97778	7.66111	0.781395	0.919335	
763	NA	16	14	36	0	0.165969	4.41111	4.86667	0.402059	0.484326	
764	NA	9	45	39	0	0.248215	1.4	12.1926	-0.459913	0.285124	
765	NA	21	14	34	0	0.150681	5.65	4.71111	0.352622	0.682683	
766	NA	27	4	16	0	0.29132	3.45	1.50556	-0.160157	1.0737	
767	NA	11	20	8	5	0.329769	1.51111	2.17222	0.0169247	-0.314844	
768	NA	14	33	10	0	0.191422	1.91111	3.11667	-0.210274	-0.383812	
769	NA	33	27	43	0	0.377497	7.69444	4.44444	-0.0638314	-1.43685	
770	NA	30	9	37	1	0.33273	5.88889	2.43333	-0.570829	0.553062	
771	NA	18	36	37	0	0.402095	3.14444	4.59444	0.0229022	-1.10402	
772	NA	18	31	17	0	0.410851	3.06667	3.85556	0.12484	0.111275	
773	NA	15	30	22	2	0.432959	1.92778	3.34444	0.0857005	-0.449761	
774	NA	25	21	69	0	0.14322	8.47222	11.0222	1.17169	1.29351	
775	NA	21	10	19	0	0.227132	3.05	2.03889	-0.0698468	0.338218	
776	NA	10	23	47	0	0.416391	3.48889	5.24444	-0.909303	0.0260304	
777	NA	30	19	36	0	0.375869	9.2963	4.84444	-0.384384	0.603263	
778	NA	21	19	20	0	0.357159	2.98333	2.87222	0.0369505	-0.314029	
779	NA	15	29	17	0	0.259182	2.85556	3.91667	0.343281	0.0917858	
780	NA	23	17	14	0	0.387865	3.06667	2.15	-0.0357522	-0.353744	
781	NA	17	25	14	2	0.513439	2.01667	3.92778	-0.561407	1.10015	
782	NA	21	22	17	0	0.297869	2.58333	3.7	-0.312553	0.403239	
783	NA	30	17	21	0	0.224095	5.61667	3.02222	0.510831	0.574676	
784	NA	19	16	23	1	0.153702	3.84444	3.42778	0.0356656	-0.00320086	
785	NA	14	39	16	0	0.329177	1.76111	6.36111	0.132181	1.13528	
786	NA	29	15	8	27	0.434548	3.35556	1.71667	0.0840052	0.083439	
787	NA	8	29	38	0	0.305543	4.95	5.42778	0.395643	0.0257313	
788	NA	16	13	24	0	0.204942	5.44444	3.85926	0.446672	0.597388	
789	NA	20	32	38	0	0.156342	3.14444	7.02778	-0.463306	1.03544	
790	NA	34	15	41	0	0.234055	6.96667	2.92778	0.272771	-0.215486	
791	NA	11	24	13	0	0.302769	1.62778	2.7	-0.441307	0.26926	
792	NA	15	12	16	0	0.212625	2.52222	2.95556	-0.00961428	0.684864	
793	NA	20	31	24	0	0.165435	4.1	5.72222	0.709578	0.565866	
794	NA	9	24	18	0	0.460583	1.61111	2.81667	-0.334106	-0.821806	
795	NA	10	26	11	0	0.223387	1.01111	3.69444	-0.654587	0.616347	
796	NA	21	44	16	8	0.565732	3.03333	6.52222	0.458127	1.02503	
797	NA	24	20	24	0	0.173482	5.62222	2.44444	1.05581	0.0653415	
798	NA	12	17	32	0	0.186541	3.97778	4.58333	0.211685	0.233016	
799	NA	37	21	35	0	0.103566	4.92222	3.71667	-0.346	0.125695	
800	NA	15	13	5	0	0.140802	2.03333	1.22222	0.346577	-0.353348	
801	NA	14	23	16	0	0.145851	1.87778	3.62222	-0.524655	0.375155	
802	NA	24	23	23	0	0.498886	4.27778	3.63889	0.0972788	-0.0937972	
803	NA	21	19	16	4	0.150664	3.95556	3.52222	1.23452	0.277349	
804	NA	22	19	13	0	0.223199	2.72778	2.58333	0.137479	-0.461152	
805	NA	35	39	27	6	0.373391	4.90556	5.43333	0.400029	-0.00129181	
806	NA	19	25	19	2	0.292673	2.44444	4.08889	0.0171275	-0.274773	
807	NA	18	50	28	2	0.250295	2.97778	5.47222	0.45018	-0.329781	
808	NA	13	12	25	0	0.13989	3.51111	3.31111	0.539862	-0.294129	
809	NA	15	17	28	0	0.424495	2.71667	2.78333	0.0676271	-0.759515	
810	NA	39	15	12	8	0.288921	4.92222	1.32778	0.63098	-0.719154	
811	NA	22	16	27	0	0.184159	4.03889	3.06667	-0.0898019	-0.277908	
812	NA	28	27	13	2	0.239508	4.31667	3.61111	0.876437	0.263757	
813	NA	18	22	17	9	0.247135	3.23889	3.21111	0.190512	-0.399327	
814	NA	20	20	31	0	0.328921	4.12778	5.16667	0.28286	0.144225	
815	NA	15	11	13	0	0.115716	4.08148	2.4963	1.0076	0.451044	
816	NA	16	20	21	0	0.275949	3.10556	3.36667	-0.170315	0.0875828	
817	NA	12	7	24	55	0.378231	3.12778	3.7	-0.122658	0.736538	
818	NA	28	34	30	0	0.43067	6.04444	5.18889	1.25238	-0.00570233	
819	NA	29	19	33	0	0.304298	6.13889	3.53333	0.718099	-0.742261	
820	NA	7	24	24	0	0.338265	2.07222	4.70556	-0.184505	-0.0136027	
821	NA	21	24	29	0	0.151075	3.50556	4.16111	-0.582361	-0.152558	
822	NA	23	24	24	0	0.0860128	5.52222	5.35	1.14691	0.666805	
823	NA	25	28	26	0	0.210543	4.05556	4.05556	0.293537	-0.516965	
824	NA	10	28	25	0	0.324174	2.38333	3.05	0.419244	-0.453312	
825	NA	24	21	37	0	0.226481	6.98333	5.24444	1.00069	0.342963	
826	NA	7	37	21	3	0.474287	1.52222	4.35	-0.225556	-0.29825	
827	NA	20	18	39	3	0.4728	5.10556	5.54444	0.590346	0.313311	
828	NA	32	16	46	0	0.0890682	8.33889	6.92778	0.507371	0.810272	
829	NA	23	19	43	0	0.208212	5.99444	5.07222	0.0363612	-0.358299	
830	NA	24	13	5	57	0.36918	2.84444	1.49444	0.591091	0.0735969	
831	NA	20	36	30	0	0.355959	2.83889	6.59444	-0.360557	0.42408	
832	NA	18	24	4	3	0.264646	1.66111	2.7	-0.439469	0.321378	
833	NA	38	8	21	0	0.275708	5.6	1.35	0.0732053	0.0459008	
834	NA	11	32	20	0	0.411848	1.53889	4.30556	-0.063841	-0.307674	
835	NA	18	19	16	1	0.314765	3.06667	3.10556	0.566766	0.227963	
836	NA	21	22	9	1	0.299003	3.05	2.72778	0.552863	-0.13334	
837	NA	13	17	49	0	0.137348	7.45556	4.31667	1.40735	-0.803064	
838	NA	3	15	17	1	0.194136	1.57222	1.93333	1.09406	-0.654824	
839	NA	26	16	14	0	0.170268	3.03889	2.2	-0.260154	-0.0570643	
840	NA	19	30	25	0	0.224346	3.19444	4.96111	-0.419019	0.165299	
841	NA	22	32	21	0	0.121675	2.14444	3.77222	-1.00165	-0.290135	
842	NA	27	25	32	4	0.418611	3.84444	2.85	-0.384493	-0.750711	
843	NA	14	9	27	8	0.371703	3.57778	3.95556	0.0311671	0.491686	
844	NA	31	22	28	0	0.319433	3.08889	2.80556	-1.28128	-0.811963	
845	NA	14	10	31	0	0.181048	4.15556	4.22778	0.396548	0.2996	
846	NA	30	10	24	2	0.519704	5.52222	0.983333	0.241346	-0.786345	
847	NA	16	8	32	0	0.222467	5.13333	3.24444	0.59429	-0.242082	
848	NA	12	15	22	13	0.287982	3.21667	3.82222	0.315722	0.77074	
849	NA	11	16	14	0	0.13085	2.28889	2.73889	-0.0563541	0.172695	
850	NA	9	48	37	2	0.198952	2.75556	8.51111	0.138901	-0.294164	
851	NA	19	16	26	0	0.295343	3.28333	3.99444	-0.944814	1.02389	
852	NA	13	27	13	0	0.333319	2.33333	3.5	-0.0177143	-0.000185091	
853	NA	20	16	31	0	0.229589	3.47222	3.37222	-0.325187	-0.643173	
854	NA	26	19	14	0	0.361857	3.83889	2.54444	-0.112632	0.635648	
855	NA	9	26	13	12	0.242977	1.63889	3.17778	-0.731716	-0.712381	
856	NA	13	11	12	0	0.310082	2.32778	1.73889	0.52551	-0.394178	
857	NA	28	19	20	0	0.123765	4.30556	3.68889	-0.0264141	-0.167871	
858	NA	20	16	48	0	0.202634	6.98333	6.47222	0.459093	0.0487248	
859	NA	18	38	26	0	0.104159	3.38333	6.98333	0.549474	0.449919	
860	NA	16	15	24	4	0.343319	3.66667	3.60556	0.202104	0.063673	
861	NA	14	27	10	0	0.277762	1.63889	2.93889	0.174454	-0.26792	
862	NA	12	14	7	0	0.367217	1.5	1.6	0.291008	-0.112518	
863	NA	9	28	24	0	0.320186	1.76111	4.42778	-0.86833	0.0167077	
864	NA	35	12	20	0	0.338891	4.46111	2.66667	-0.196415	0.920616	
865	NA	28	26	21	5	0.347404	3.25	4.30556	-0.42335	1.35131	
866	NA	21	16	10	0	0.272793	2.07778	2.67778	-0.872806	0.876227	
867	NA	27	8	17	1	0.299977	4.22778	2.53333	0.0564937	0.347071	
868	NA	23	27	53	0	0.2537	6.87222	8.68889	0.852651	1.15657	
869	NA	10	20	28	0	0.195142	2.77778	5.12778	-0.268362	1.09594	
870	NA	8	15	26	0	0.190891	2.81111	4.52778	0.206265	0.606639	
871	NA	30	18	38	3	0.271117	6.16667	3.40556	0.181256	-0.529257	
872	NA	20	39	39	3	0.249164	2.65556	7.43889	-1.22756	0.430111	
873	NA	22	14	18	0	0.18824	3.75556	2.23889	0.338929	0.225709	
874	NA	25	15	21	12	0.247612	5.07222	2.83889	1.34438	-0.542636	
875	NA	31	20	16	3	0.392529	4.6	2.20556	0.209408	-0.110371	
876	NA	32	31	37	0	0.229153	7.40556	7.83889	0.925466	0.977894	
877	NA	15	20	7	2	0.446102	1.79444	2.79444	0.4536	0.622192	
878	NA	15	12	40	0	0.0639317	6.28889	6.15556	0.323624	0.527928	
879	NA	13	55	25	0	0.19422	2.1	4.93889	0.870374	-0.83626	
880	NA	24	10	25	2	0.184327	4.69444	3.48333	0.461648	-0.12813	
881	NA	18	12	20	0	0.153771	3.79444	3.35556	-0.0327617	0.72552	
882	NA	39	45	37	0	0.387726	6.53333	7.13889	0.0165902	-0.313158	
883	NA	43	17	35	0	0.158656	7.76667	3.18333	0.665407	-0.369957	
884	NA	32	16	21	0	0.216485	4.33889	3.06111	-0.49974	0.0672676	
885	NA	21	28	30	0	0.452955	2.74444	4	0.607973	-0.35099	
886	NA	11	19	29	0	0.105626	3.85	5.01667	0.712129	0.649369	
887	NA	11	20	15	0	0.136146	1.98333	3.3	-0.265126	-0.0141435	
888	NA	30	17	33	0	0.208877	6.98333	4.65	1.32919	0.65379	
889	NA	28	31	21	0	0.362774	4.29444	4.94444	0.268299	0.605802	
890	NA	37	9	33	8	0.281895	8.40556	1.37222	0.783564	-1.08519	
891	NA	22	20	24	0	0.265756	4.28333	3.04444	-0.0348219	-0.0240946	
892	NA	16	11	61	0	0.175825	9.05	5.23333	0.930784	0.0535961	
893	NA	19	19	31	0	0.30459	4.93333	3.50556	0.525872	-0.26323	
894	NA	34	14	46	1	0.342452	9.14444	5.40556	0.794599	0.379484	
895	NA	17	15	24	0	0.0960889	3.79444	3.45556	0.210935	-0.232978	
896	NA	24	26	14	0	0.128739	2.77778	3.58333	-0.218497	-0.275159	
897	NA	15	9	39	0	0.117657	7.25926	7.02963	0.875334	1.09907	
898	NA	22	15	19	1	0.230973	3.67778	3.54444	0.200405	0.875937	
899	NA	25	12	28	3	0.440852	3.54444	3.15556	-0.200496	0.822754	
900	NA	20	23	25	1	0.245704	3.51667	4.36111	-0.291756	0.122623	
901	NA	22	24	43	0	0.379926	6.23889	4.45556	0.423897	-0.830404	
902	NA	21	9	8	0	0.221643	2.8	1.18333	0.374292	-0.451432	
903	NA	16	27	29	0	0.377017	3.78333	5.26667	0.738081	-0.331002	
904	NA	26	6	23	0	0.240046	3.82222	1.96667	-0.162842	-0.242168	
905	NA	25	28	28	0	0.24156	4.36667	5.98889	0.882901	0.380771	
906	NA	22	26	26	0	0.111702	4.33333	4.78889	0.482962	0.0106858	
907	NA	20	40	35	0	0.145473	4.9	6.61667	0.941576	0.379279	
908	NA	9	25	20	3	0.337966	2.51667	4.74444	-0.164784	0.818074	
909	NA	23	18	30	0	0.381455	5.00556	4.61111	0.477051	-0.0879559	
910	NA	13	9	26	0	0.0728552	3.25556	2.97222	0.477524	0.304684	
911	NA	33	18	26	5	0.505265	4.08333	2.64444	-0.296098	-0.29574	
912	NA	11	29	19	0	0.0823092	2.38519	5.03704	-0.0565319	-0.303971	
913	NA	23	7	27	0	0.16368	3.88889	3.27778	0.238411	0.316219	
914	NA	22	18	15	0	0.369661	2.93333	1.90556	0.0536427	-0.889778	
915	NA	13	39	39	1	0.287893	4.56667	7.02222	0.567443	0.13105	
916	NA	28	22	35	0	0.114539	6.03889	4.27778	0.872104	-0.587948	
917	NA	8	18	27	3	0.323442	3.18333	3.40556	0.574435	0.255189	
918	NA	14	16	36	0	0.151176	4.8	6.44444	0.0478378	1.25525	
919	NA	19	22	36	2	0.371528	4.81111	6	0.190449	0.198775	
920	NA	17	23	28	0	0.116596	4.43333	4.33333	0.528069	0.149899	
921	NA	15	12	53	0	0.185911	4.20556	6.03889	-0.930799	-0.0269161	
922	NA	19	12	22	0	0.141875	3.8	2.67778	0.10428	-0.638813	
923	NA	26	14	50	0	0.0848325	8.85556	7.12778	1.0068	0.690131	
924	NA	19	31	23	0	0.371626	3.44444	5.51667	0.176471	0.81923	
925	NA	14	30	10	0	0.205285	2.43889	3.12778	0.534574	-0.514191	
926	NA	40	20	32	0	0.258827	6.28889	5.27778	-0.271862	0.670547	
927	NA	19	20	17	0	0.179157	3.28889	3.16667	0.4224	0.0848775	
928	NA	15	36	73	1	0.285948	6.75	9.67778	0.0247863	-0.0478538	
929	NA	21	29	24	0	0.173493	4.21667	4.27222	0.764164	0.120463	
930	NA	13	25	20	0	0.298539	1.94444	3.03333	0.558996	0.20027	
931	NA	19	23	54	0	0.0961736	8.27778	7.28889	1.06014	0.046234	
932	NA	13	15	28	0	0.204163	3.63333	4.02778	0.124832	-0.259556	
933	NA	7	14	30	0	0.254947	3.56667	4.54444	0.274219	0.537487	
934	NA	23	32	10	15	0.270453	3.01667	2.95556	0.238614	-0.884776	
935	NA	22	17	20	0	0.0785097	4.61481	4.33333	-0.323141	0.0100125	
936	NA	20	14	15	0	0.398346	3.83333	1.71667	0.551892	-0.220647	
937	NA	21	13	66	0	0.396538	9.87222	4.23889	0.90396	-0.518443	
938	NA	55	10	40	0	0.209113	10.9167	2.88889	0.563062	-0.240056	
939	NA	14	23	35	0	0.178157	3.91111	3.83889	-0.185381	-1.01716	
940	NA	22	15	14	0	0.344885	2.56111	2.23333	-0.948913	-0.630222	
941	NA	14	24	10	3	0.410646	1.75556	3.15	0.145641	0.298421	
942	NA	8	32	36	0	0.262082	3.98333	6.10556	0.879918	-0.404578	
943	NA	26	24	18	0	0.35562	4.96111	2.67778	0.71891	0.113823	
944	NA	17	14	18	0	0.278302	3.77222	2.31111	1.01666	-0.412912	
945	NA	26	15	14	0	0.224495	2.83333	2.56667	-0.53661	0.293037	
946	NA	17	27	15	0	0.15736	3.01667	3.52222	0.759962	-0.235787	
947	NA	10	16	53	0	0.0493306	6.86111	4.99444	1.11467	-0.161101	
948	NA	34	23	31	0	0.183152	7.24444	3.98889	-0.134524	0.562925	
949	NA	23	10	19	0	0.190777	3.84444	1.21667	-0.235798	-0.719118	
950	NA	15	13	29	0	0.14389	3.91667	3.26667	-0.00764855	-0.4887	
951	NA	11	15	12	0	0.278771	2.42222	3.72593	-0.261658	0.895055	
952	NA	29	31	13	0	0.180433	3.21667	4.48889	-0.172397	0.701141	
953	NA	20	21	26	0	0.241986	4.46111	4.12222	0.45512	0.411451	
954	NA	13	19	35	0	0.191547	5.1	4.30556	0.424033	-0.399694	
955	NA	22	45	28	1	0.112541	2.77222	7.37222	-0.793556	-0.343734	
956	NA	23	19	38	0	0.109698	6.52222	6.57222	0.601118	1.48285	
957	NA	42	20	30	0	0.424065	4.29444	5.77778	-1.05464	0.622373	
958	NA	27	31	44	0	0.202199	7.76667	5.22778	0.77453	0.0106261	
959	NA	37	16	48	0	0.302587	9.29444	3.61111	0.782288	-0.569763	
960	NA	13	20	17	2	0.287944	3.10556	3.55	1.06329	0.130848	
961	NA	7	32	30	0	0.245644	3.52222	6.08889	0.288536	0.610871	
962	NA	11	34	38	0	0.342876	1.93333	4.38889	-0.1086	-0.525631	
963	NA	6	20	25	0	0.0821723	2.53333	4.57778	0.0819407	0.649756	
964	NA	17	24	26	1	0.457738	2.97778	4.86667	0.628085	0.664502	
965	NA	11	5	32	0	0.329083	6.57037	3.23704	1.0956	0.411937	
966	NA	31	25	14	23	0.417494	2.90556	2.81667	0.054615	-0.0470448	
967	NA	33	31	29	0	0.298036	5.36667	3.76667	0.411054	-0.394522	
968	NA	27	10	18	0	0.27112	4.22778	2.05	0.166399	0.145267	
969	NA	23	12	82	0	0.270802	9.40556	6.42778	0.639386	-0.435472	
970	NA	37	24	8	0	0.148787	4.15556	2.17778	-0.508025	-0.715775	
971	NA	15	27	19	0	0.321928	2.07778	4.90556	0.0284721	0.524339	
972	NA	20	11	18	0	0.291718	3.33333	1.98333	-0.457171	0.260667	
973	NA	18	16	11	0	0.300621	3.17778	2.13889	1.08364	0.431506	
974	NA	36	23	24	0	0.270483	6.2	3.46667	0.701844	0.488713	
975	NA	21	44	44	0	0.17237	4.15556	9.77778	0.546219	0.610585	
976	NA	22	14	9	39	0.360788	2.82222	1.9	0.425256	-0.274884	
977	NA	17	19	13	0	0.192699	2.7	2.81667	0.0251929	0.511139	
978	NA	16	14	7	1	0.483918	2.17222	2.05556	0.284948	0.219912	
979	NA	20	13	38	0	0.0893116	4.90556	4.52222	0.145324	0.165469	
980	NA	25	22	25	0	0.20214	4.43333	4.05556	0.080851	-0.117794	
981	NA	13	16	18	2	0.180591	3.09444	2.15	0.10188	-0.297293	
982	NA	11	14	6	0	0.0970981	1.37778	1.76111	-0.156241	-0.164342	
983	NA	16	38	33	0	0.116845	1.79444	6.58889	-0.906598	0.86399	
984	NA	13	25	23	0	0.141802	2.85556	4.48889	0.701352	0.107668	
985	NA	29	17	27	3	0.396685	3.62222	2.65556	-0.304603	0.0344101	
986	NA	19	45	36	0	0.333755	3.48333	7.44444	0.529748	0.204507	
987	NA	17	14	23	0	0.16858	3.30556	3.61667	-0.187067	0.676915	
988	NA	11	19	30	0	0.131978	2.86111	4.2	-0.24181	0.527599	
989	NA	11	25	22	2	0.275752	3.15	5.13333	0.937922	1.0912	
990	NA	15	15	34	0	0.0270446	4.48889	4.54444	-0.0913542	0.236225	
991	NA	21	19	22	1	0.221628	4.07778	3.94444	0.417334	0.369628	
992	NA	24	24	16	3	0.481318	3.88148	3.79259	-0.954807	-0.562497	
993	NA	18	28	10	0	0.474134	2.22778	2.9	-0.0489588	-0.985293	
994	NA	20	18	26	0	0.0673317	4.21111	4.72222	-0.0776452	1.04218	
995	NA	13	15	19	0	0.242984	2.98333	2.91667	0.276667	0.0107946	
996	NA	15	26	14	0	0.298691	2.13333	4.4	-0.248893	0.688588	
997	NA	20	28	16	0	0.28446	2.57222	3.73333	-0.617649	0.184725	
998	NA	13	27	23	0	0.172876	1.57222	4.56111	-0.156255	0.152073	
999	NA	23	15	26	0	0.163982	4.18889	3.72222	-1.1313e-06	-0.286587	
1000	NA	17	15	52	0	0.0566021	6.42778	6.92222	0.123458	0.132504	
