D/W	sex	VM	V	M	La	Lo	iS
1	2	6	2	4	35.689489	139.691706	2
1	1	2	1	4	35.689489	139.691706	1
1	0	6	2	4	35.689489	139.691706	1
1	2	6	2	4	35.689489	139.691706	2
1	1	6	2	4	35.689489	139.691706	1
1	2	8	3	4	11.543481	104.898408	2
1	1	8	3	4	17.9689	102.6137	1
1	2	5	2	3	28.635244	77.225119	2
1	1	2	1	4	54.525964	15.255117	1
1	1	2	1	4	41.871939	12.567375	1
1	1	2	1	4	55.755789	37.617617	1
1	0	3	1	5	NA	NA	1
1	1	2	1	4	NA	NA	1
1	2	7	3	3	NA	NA	2
1	0	4	2	2	NA	NA	1
1	0	6	2	4	23.118911	113.261428	1
1	0	1	1	3	30.661056	104.081756	1
1	2	1	1	3	34.261683	108.949028	2
1	1	1	1	3	36.068039	103.750053	1
1	1	2	1	4	30.270114	120.147875	1
1	1	2	1	4	32.047614	118.772781	1
1	1	1	1	3	30.661056	104.081756	1
1	1	1	1	3	28.201572	112.982378	1
1	2	2	1	4	32.047614	118.772781	2
1	1	2	1	4	30.270114	120.147875	1
1	1	6	2	4	29.554911	106.548442	1
1	1	1	1	3	30.661056	104.081756	1
1	2	1	1	3	26.588353	106.732822	2
1	2	2	1	4	38.032272	114.477058	2
2	0	0	0	0	30.661056	104.081756	1
2	0	0	0	0	30.661056	104.081756	1
2	0	0	0	0	30.661056	104.081756	1
2	0	0	0	0	30.661056	104.081756	1
2	0	0	0	0	37.871114	112.56935	1
2	0	0	0	0	30.572153	114.292058	1
2	0	0	0	0	32.047614	118.772781	1
2	0	0	0	0	30.661056	104.081756	1
2	0	0	0	0	28.201572	112.982378	1
2	0	0	0	0	32.047614	118.772781	1
2	0	0	0	0	29.554911	106.548442	1