// 1

// 30 30 ./msR 60 1 -t 10 -r 9.999 10000 -I 2 30 30 2 -ej 0.1 1 2 -seeds 32269 12723 13727
segsites: 46
positions: 196 334 502 505 649 780 841 933 1137 1158 1266 1287 1438 1498 1678 2022 2051 2990 4048 4092 4103 4148 4234 4861 4883 5190 5986 6178 6278 6843 6895 7125 7286 7604 7619 7654 7860 8007 8088 8172 8317 8987 9273 9401 9419 9720
0000000000100001000000110010000000000000000000
0000010000000010000000000000000000001000000001
0000000000100001000000110010000000000000000000
0000010000000010000000000000000000001000000001
0000000000101001000000000000001001000000000010
0000000000101001000000000000001001000000000010
0000010000000010000000000000000000001000000001
0000000000101001000000000000000000000000000000
0000000000100001000000000100000100000000011100
0000000000100001010000000001000010000000000000
0000000000100010000100000000110000000100000000
0000000000100001000000110010000000000000000000
0000000000101001000000000000000000000000000000
0000000000100001000000000000000000001000000001
0000000000100001000000110010000000000001000000
0000000000100001000000000100000100000000011100
0010101010010100000000110010000000000000000000
0000000000100001000000110010000000000000000000
0000000000100001000000110010000000001000000001
0000000000100001000000000000000000001000000001
0000000000100001000000000000000000001000000001
0000000000100001000000000000001001000000000010
0000000000100001000000110010000000000000000000
0000000000100001000000110010000000000001000000
0000000000100001000000000000000000000000000000
0000000000100001010000000001000010000000000000
0000010000000010000000001000000000001000000001
0001000000100001000000000000000000000000000000
0000000000100001000000000000000000001000000001
0000000000100010000000000000110000000100100000
0000000000100001000001000000001001000000000000
0000010100000010000000000000110000000100000000
0000000000100001100000000000001001000000000000
0000010001000010000000000001000000000010000000
0000000000100001000000000000000000001000000001
0000010001000010000000110010000000000000000000
1000010001100010000000000000110000000100000000
0000000000100010000000000000110000000100000000
0000000000100001000000110010000000000000000000
0000000000100001000000110010000100000000011100
0000000000100011000000110010000000000000000000
0000000000100010000000000000110000000100000000
0000000000100001000001000000001001000000000000
0000000000100010000000000000110000000100000000
0000000000100001000000110010000000000000000000
0010101010010000000000110010000000000000000000
1000010001000010000000000001000000100000000000
0000000000100010000000000000110000000100000000
0000000000100010000010000000110000000100000000
0000000000100010000000000000110000000100000001
0000000000100001000000000000000000010000000000
0000000000100010000010000000110000000100000000
1100010001000010000000000001000000100000000000
0000000000100001001000000000001000000000000000
0000000000100010000000000000110000000000000000
0000000000100010000000000000110000000100000001
0010101010010000000000110010000000000000000000
0010101010010000000000110010000000000000000000
0000000000100001000001000000001001000000000000
0000000000100010000000000000110000000100000001