Sim#	Step#	S1	S2	Ss	Sf	Fst	pi1	pi2	D1	D2
1	1001	30	36	16	0	0.0626264	3.37222	4.12778	0.125916	-0.509258	
2	1011	18	42	27	0	0.0728636	2.93889	4.47222	0.036836	-1.14938	
3	1021	28	23	42	0	0.0620178	6.45556	6.37222	0.122263	-0.0988022	
4	1031	29	25	29	0	0.143781	5.53889	3.70556	0.513672	-0.0344642	
5	1041	34	28	21	0	0.122576	3.45556	3.50556	-1.12182	-0.402827	
6	1051	35	24	49	0	0.0788463	7.84444	5.68333	0.0643919	-0.426579	
7	1061	37	45	34	0	0.254321	4.80556	6.75556	-0.477629	-0.0344271	
8	1071	38	43	35	0	0.088649	4.56667	6.47222	-0.660695	0.0231824	
9	1081	30	19	45	0	0.149251	6.11667	4.43333	-0.347145	-1.0926	
10	1091	40	52	53	0	0.213975	6.44444	7.68333	-0.897313	-0.906444	
11	1101	25	23	62	0	0.0907164	6.67222	8.79444	-0.37567	0.351787	
12	1111	54	50	19	0	0.300179	5.98889	4.47222	-0.494879	-0.851422	
13	1121	34	31	60	0	0.0536527	9.18889	9.17778	0.129863	0.441232	
14	1131	35	35	42	0	0.103653	6.80556	7.47778	0.0292157	0.29605	
15	1141	26	36	42	0	0.153989	4.53889	7.33889	-0.738684	0.100125	
16	1151	23	38	54	0	0.0956381	7.02778	7.47778	0.207727	-0.0342304	
17	1161	42	38	41	0	0.141708	5.85	5.25556	-0.584231	-0.928004	
18	1171	22	48	43	0	0.0799031	5.15556	6.97778	0.520557	0.137136	
19	1181	40	22	33	0	0.16593	6.35	5.3	0.0832009	0.0580991	
20	1191	34	34	35	0	0.256778	4.81111	4.88889	-0.873894	-0.587418	
21	1201	34	37	30	0	0.156745	5.4	4.78889	-0.26615	-0.538695	
22	1211	40	45	48	0	0.0919502	8.84444	9.55	0.235445	0.327939	
23	1221	36	48	34	0	0.0379533	6.57778	7.85556	0.309812	0.463214	
24	1231	17	57	26	0	0.332905	2.44444	7.33333	-0.304254	-0.433794	
25	1241	32	44	65	0	0.121492	10.9444	9.57778	1.11102	-0.0825558	
26	1251	44	48	18	0	0.32405	4.48333	6.39444	-0.460038	0.462073	
27	1261	42	28	45	0	0.270378	6.54444	6.62778	-0.0485952	-0.157263	
28	1271	27	38	46	0	0.337055	5.82222	6.89444	-0.339038	-0.559105	
29	1281	59	48	24	0	0.321359	5.18889	4.95556	-1.07815	-0.241767	
30	1291	23	44	42	0	0.215548	4.71667	7.69444	0.0408623	0.17243	
31	1301	25	27	43	0	0.14448	5.25	4.93333	-0.834479	-0.559516	
32	1311	20	24	28	0	0.140879	3.61111	4.42778	-0.230496	-0.255936	
33	1321	24	33	47	0	0.0453667	6.48333	7.58889	-0.534631	-0.332942	
34	1331	24	27	85	0	0.297683	9.27222	7.47222	0.690958	-0.864176	
35	1341	33	22	24	0	0.209285	4.92778	4.20556	0.0682112	0.126538	
36	1351	30	30	51	0	0.0431221	6.30556	6.69444	0.430208	-0.364825	
37	1361	21	36	20	0	0.102812	3.48889	3.45556	-0.0934484	-0.849162	
38	1371	33	58	25	0	0.153787	4.59444	6.80556	0.132999	-0.456189	
39	1381	29	20	19	0	0.305368	4.06111	2.64444	-0.112176	-0.859943	
40	1391	36	34	38	0	0.0852194	5.57778	6.02222	-0.4494	-0.067071	
41	1401	30	72	30	0	0.233197	4.57222	9.14444	0.424431	0.52161	
42	1411	25	30	43	0	0.0690948	5.45556	6.06111	-0.0928688	0.0371192	
43	1421	40	58	27	0	0.159576	6.52222	7.29444	0.435618	0.097927	
44	1431	25	27	45	0	0.0834021	4.77778	5.78333	-0.570636	0.0428181	
45	1441	29	18	50	0	0.0348062	7.06111	7.07222	-0.43967	0.291637	
46	1451	33	54	64	0	0.234804	4.54444	10.0444	-0.412231	-0.277122	
47	1461	16	26	36	0	0.0198484	3.64444	4.75	-0.416667	-0.356424	
48	1471	30	35	37	0	0.0146775	5.88333	6.82222	-0.294806	0.0834215	
49	1481	19	22	19	0	0.0613447	3.4	3.01667	-0.00761366	-0.858119	
50	1491	40	28	31	0	0.153265	6.08333	3.92778	-0.131013	-0.364691	
51	1501	27	18	79	0	0.129203	10.9833	10.5	-0.08296	0.407548	
52	1511	17	43	35	0	0.150778	3.14444	7.71111	-0.76652	0.423624	
53	1521	34	40	31	0	0.0809061	4.87778	5.87778	0.370345	0.0524411	
54	1531	42	34	19	0	0.130348	4.80556	3.15556	-0.0986347	-1.17556	
55	1541	31	32	45	0	0.0539889	7.82778	4.83333	0.249254	-1.15178	
56	1551	32	17	33	0	0.140862	6.59444	3.67222	0.698193	-0.218753	
57	1561	28	27	26	0	0.122949	3.75	3.98889	-0.579295	0.00336641	
58	1571	18	31	50	0	0.0637965	6.22222	7.49444	0.168092	-0.0893508	
59	1581	83	20	77	6	0.236177	9.38889	2.68333	-0.0619002	-0.563385	
60	1591	32	37	7	0	0.155394	2.75556	3.90556	-0.735504	-0.508656	
61	1601	34	29	44	0	0.0478492	6.70556	6.89444	-0.15335	0.0784335	
62	1611	27	35	37	0	0.0439394	4.96667	6.37222	-0.648885	-0.563259	
63	1621	30	16	46	0	0.00961024	7.16667	6.31667	0.449848	0.829048	
64	1631	29	51	69	0	0.206649	10.9333	8.28889	0.633151	-0.437143	
65	1641	30	34	25	0	0.208485	3.97222	5.18333	-0.151123	0.00292182	
66	1651	20	21	43	0	0.061186	6.47222	4.88333	0.481146	-0.512152	
67	1661	21	19	62	0	0.0868778	7.98333	8.20556	0.622858	0.352415	
68	1671	22	19	45	0	0.00478164	6.65556	6.54444	0.45184	0.50821	
69	1681	15	26	41	0	0.00120487	4.52778	4.53333	-0.44415	-0.938841	
70	1691	18	23	27	0	0.140702	4.04444	4.57778	-0.11759	-0.0446242	
71	1701	32	24	36	0	0.0597512	5.33889	4.80556	-0.311238	-0.154435	
72	1711	23	46	24	0	0.199653	3.18889	6.51111	-0.36037	-0.0733442	
73	1721	32	28	56	0	0.104754	6.55556	7.57778	-0.597051	-0.193015	
74	1731	17	16	38	0	0.224338	3.95	3.75	-0.294563	0.0138034	
75	1741	23	34	65	0	0.0796796	8.29444	9.66667	0.116745	0.294026	
76	1751	48	29	66	0	0.137619	10.9722	5.87222	-0.216406	-0.728946	
77	1761	29	61	33	0	0.217077	3.93889	9.15556	-0.051102	0.182751	
78	1771	68	38	48	0	0.241487	7.74444	6.02222	-0.26539	-0.877872	
79	1781	48	53	34	0	0.280337	6.82778	7.11667	-0.769306	-0.390369	
80	1791	37	25	21	0	0.163816	4.93333	4.18889	0.212726	-0.341537	
81	1801	24	53	26	0	0.261966	3.40556	6.99444	0.278585	-0.28677	
82	1811	66	25	39	0	0.438727	6.75556	3.53889	-0.669309	-0.114169	
83	1821	44	67	58	0	0.203752	5.07222	12.2778	-0.499224	-0.0668908	
84	1831	38	33	81	0	0.338305	8.51111	12.9167	-0.591083	0.584864	
85	1841	24	51	42	0	0.311466	4.66667	9.10556	0.140122	0.531809	
86	1851	20	20	59	0	0.0619644	5.67778	7.54444	-0.461375	-0.105399	
87	1861	25	34	43	0	0.0969208	6.22778	6.27778	-0.278014	-0.481073	
88	1871	45	55	34	0	0.295424	7.03333	7.17778	-0.271439	-0.5784	
89	1881	23	19	23	0	0.0245046	3.47222	3.47778	-0.171597	0.051736	
90	1891	37	33	68	0	0.151689	11.6778	9.22222	0.345283	-0.34887	
91	1901	35	43	35	0	0.061751	6.85	7.58889	0.513921	0.181719	
92	1911	19	17	30	0	-0.0130404	4.32222	4.15556	0.131312	0.10861	
93	1921	45	25	21	0	0.0874934	5.91111	3.8	0.0752598	-0.806069	
94	1931	48	29	20	0	0.132046	5.73889	3.14444	-0.457945	-0.717975	
95	1941	50	17	38	0	0.0523601	7.12778	2.52222	0.343273	-0.568529	
96	1951	31	48	18	0	0.127332	3.05	5.53889	-0.927559	-0.17306	
97	1961	41	25	52	0	0.0452589	9.45	8.15	0.489325	0.102962	
98	1971	34	35	34	0	0.131954	6.41667	4.19444	0.388566	-0.0790982	
99	1981	30	26	24	0	0.035449	4.46667	4.08889	-0.303742	-0.266498	
100	1991	28	36	39	0	0.0455953	5.80556	6.94444	-0.42691	0.175698	
101	2001	23	21	53	0	0.124624	6.7	5.41111	-0.654849	-0.779242	
102	2011	26	70	46	4	0.16793	3.87778	11.8611	-0.530935	0.0602141	
103	2021	31	30	39	0	0.110104	6.42222	6.39444	-0.399898	0.364663	
104	2031	36	23	27	0	0.0394563	5.6	4.01667	0.175856	-0.0570815	
105	2041	34	38	34	0	0.109086	4.41111	4.47222	-1.17014	-0.956625	
106	2051	26	24	27	0	0.0743131	3.35556	4.7	-0.889224	-0.0624512	
107	2061	32	27	44	0	0.121769	5.50556	7.06667	-0.700723	0.396067	
108	2071	15	36	52	0	0.0338294	6.88889	8.53889	0.397205	0.367166	
109	2081	36	52	53	0	0.278197	5.41111	7.29444	-0.980359	-0.894399	
110	2091	30	37	30	0	0.036439	4.68889	5.31667	-0.379556	-0.154052	
111	2101	23	30	75	0	0.0906513	9.77778	10.0944	0.06259	-0.29831	
112	2111	21	30	97	0	0.0851919	7.46111	8.17778	-0.715815	-0.392248	
113	2121	26	25	47	0	0.0816013	6.03333	5.67778	-0.227614	-0.0373899	
114	2131	22	26	49	0	0.0451552	5.8	7.12778	0.111066	0.582632	
115	2141	35	18	31	0	0.148507	4.46667	3.85	-1.20195	0.458052	
116	2151	38	38	31	0	0.13569	7.08889	6.82778	0.671271	0.504383	
117	2161	28	28	63	0	0.0789609	8.96667	8.25556	0.660083	0.188019	
118	2171	28	29	43	0	0.142143	6.71111	5.11111	0.260721	-0.589313	
119	2181	34	39	9	0	0.198888	3.7	3.67222	-0.631994	-0.235027	
120	2191	22	32	60	0	-0.0224203	7.43333	8.52778	0.0547571	0.05742	
121	2201	39	18	27	0	0.15284	5.66667	3.03889	0.358758	-0.63661	
122	2211	22	48	67	0	0.0540521	5.76667	9.58333	-0.377541	-0.551038	
123	2221	30	35	23	0	0.195897	4.52222	4.54444	0.217141	-0.286886	
124	2231	28	21	63	0	0.195056	6.61667	9.00556	-0.506848	0.523185	
125	2241	19	22	34	0	-0.0103645	4.31111	4.5	-0.488958	-0.230981	
126	2251	22	17	44	0	0.036156	6.15	5.26111	0.508057	0.391196	
127	2261	33	23	18	0	0.14946	3.05556	4.16667	-0.620031	0.321642	
128	2271	42	16	36	0	0.039139	6.77222	3.16111	-0.00402365	-0.337585	
129	2281	20	22	34	0	0.0539475	4.56667	4.87222	-0.155591	-0.128852	
130	2291	27	49	51	0	0.126131	3.87778	6.01667	-0.647359	-1.12284	
131	2301	18	17	35	0	0.0995656	4.39444	3.81667	0.342691	-0.518609	
132	2311	24	26	42	0	0.121384	6.01111	6.64444	-0.200952	0.624112	
133	2321	15	14	20	0	0.064622	2.92778	2.63333	-0.259006	-0.581148	
134	2331	14	19	22	0	0.052856	2.83889	3.50556	0.0216314	-0.066696	
135	2341	15	34	16	0	0.0475503	2.40556	4.05	-0.618706	-0.466002	
136	2351	21	31	37	0	0.112756	4.57778	4.74444	0.0796647	-0.451996	
137	2361	22	21	38	0	-0.0172579	4.85556	5.23333	-0.477045	0.156194	
138	2371	46	16	43	0	0.0495044	9.16667	3.92222	0.213844	-0.436063	
139	2381	20	29	44	0	0.121351	6.22222	5.97778	0.274598	-0.0755941	
140	2391	25	31	31	0	0.115205	4.63333	4.40556	-0.0389963	-0.756189	
141	2401	41	13	35	0	0.109622	4.78333	2.61111	-0.835519	0.255175	
142	2411	42	20	44	0	0.102233	7.45556	4.75556	-0.122387	-0.247324	
143	2421	31	36	22	0	0.150033	4.33333	4.59444	0.0525451	-0.384871	
144	2431	23	17	46	0	0.052747	6.6	6.08333	0.313172	0.601578	
145	2441	35	34	22	0	0.252421	4.70556	4.83889	-0.178046	0.403191	
146	2451	50	40	36	0	0.0956297	6.41667	4.07778	0.0423855	-0.688769	
147	2461	32	20	95	0	0.0656552	13.1556	6.68333	0.161917	-0.953113	
148	2471	45	30	49	0	0.131736	7.99444	4.11111	0.842936	0.117094	
149	2481	30	40	36	0	0.181002	6.39444	5.16111	0.287807	-1.05969	
150	2491	44	32	46	0	0.149121	7.66111	7.51667	-0.00630708	-0.229199	
151	2501	35	33	43	0	0.234803	6.84444	6.55556	0.27663	-0.428679	
152	2511	28	18	33	0	0.0288685	5.24444	3.57222	-0.371395	-0.490176	
153	2521	24	22	30	0	0.0663072	4.48889	4.78333	-0.363397	0.320783	
154	2531	16	22	75	0	0.0202974	11.4963	12.8593	0.389359	0.76262	
155	2541	22	22	29	0	0.133021	4.67778	5.12778	0.68255	0.501903	
156	2551	21	30	49	0	0.0948135	6.43889	6.57778	0.417763	0.363053	
157	2561	16	53	23	0	0.0403819	3.28889	6.19444	0.332587	-0.11141	
158	2571	27	14	25	0	0.0356474	4.60556	2.83889	-0.156613	-0.292988	
159	2581	25	12	35	0	0.105877	5.1	4.14444	-0.175188	0.214536	
160	2591	25	31	44	0	0.257931	5.47778	6.82778	-0.266735	0.334896	
161	2601	48	38	36	0	0.193425	8.53333	5.59444	0.768666	-0.0402932	
162	2611	29	23	18	0	0.290943	4.49444	2.82778	-0.0255792	-0.206098	
163	2621	41	28	42	0	0.249009	6.43889	4.82222	-0.30524	-0.410619	
164	2631	41	35	25	8	0.36526	6.32222	4.35	0.596032	-0.434267	
165	2641	43	42	11	0	0.286362	5.32778	3.28889	0.411374	-0.720444	
166	2651	22	29	24	0	0.0757313	4.61111	4.68333	0.522752	0.111471	
167	2661	11	31	21	0	0.144045	2.44444	4.44444	-0.220226	0.456797	
168	2671	36	22	16	0	0.198325	4.12222	3.6	-0.109793	0.512754	
169	2681	29	29	56	0	0.228149	8.70556	6.58333	0.0801304	-0.836783	
170	2691	41	35	41	0	0.180133	5.15556	4.53889	-0.396349	-0.940504	
171	2701	70	28	69	0	0.164292	12.4722	10.2389	-0.19213	0.872225	
172	2711	29	34	16	4	0.186091	4.22778	3.66667	0.230839	-0.821801	
173	2721	30	29	72	0	0.258536	9.33333	6.43333	0.973813	-0.871066	
174	2731	24	20	29	0	0.0505306	4.71111	4.65	0.319066	0.0359237	
175	2741	30	19	76	0	0.08186	10.6833	11.0056	0.752528	1.31748	
176	2751	40	35	39	0	0.215452	5.01111	4.93333	-0.864692	-0.603835	
177	2761	39	25	42	0	0.0984743	7.07778	6.10556	-0.189254	-0.0966128	
178	2771	17	60	36	0	0.120757	3.54444	7.02222	0.642574	-0.142992	
179	2781	48	42	21	0	0.226824	4.57778	5.15	-0.606451	0.0348007	
180	2791	24	32	22	0	0.285508	3.86667	3.99444	-0.638788	-0.118547	
181	2801	32	23	47	0	0.288182	7.56111	4.43889	0.548435	-0.170321	
182	2811	51	29	21	0	0.293923	7.78889	3.93889	1.01964	-0.0213369	
183	2821	41	35	47	0	0.197832	7.99444	6.12222	0.518101	0.0126358	
184	2831	43	23	16	0	0.355254	4.8	2.65556	0.216695	0.073723	
185	2841	21	25	20	23	0.491362	2.46667	4.77778	0.600788	0.575376	
186	2851	20	35	41	0	0.216955	5.54444	6.26111	0.878181	-0.160893	
187	2861	22	27	55	0	0.100584	8.48333	7.76667	0.62412	-0.329054	
188	2871	16	31	35	0	0.0926209	3.44444	4.86111	-0.0470388	-0.361948	
189	2881	7	16	15	0	0.340049	1.81111	2.73889	0.108319	0.142037	
190	2891	18	38	33	0	0.127057	4.31111	6.42222	-0.00982685	0.237903	
191	2901	21	19	44	0	0.147224	5.38333	4.67222	-0.406778	-0.261065	
192	2911	38	20	41	0	0.288529	8.07222	4.07222	0.157255	0.430268	
193	2921	35	27	37	0	0.238518	7.42222	4.16667	0.136617	-0.304626	
194	2931	35	16	52	0	0.216374	8.84444	4.13889	0.636596	-0.216705	
195	2941	19	30	44	0	0.172014	7.11111	6.53889	0.690875	0.135999	
196	2951	41	13	20	1	0.389505	5.85	1.83333	-0.311796	0.174252	
197	2961	35	42	41	2	0.345654	5.25556	8.80556	-0.709643	0.66955	
198	2971	22	17	50	0	0.00237951	7.36111	6.57222	0.448937	0.369985	
199	2981	34	32	18	0	0.169213	4.16111	4.64444	-0.334415	-0.18472	
200	2991	49	31	24	7	0.382364	6.38333	3.45556	-0.0850121	-0.586272	
201	3001	29	28	13	0	0.125042	4.01111	3.07222	-0.178049	-0.234849	
202	3011	41	41	40	0	0.33439	6.81667	6.62222	0.309513	-0.172574	
203	3021	31	29	26	0	0.207733	5.17778	4.59444	0.192359	-0.294079	
204	3031	35	40	18	0	0.107177	4.18333	5.48889	-0.906901	-0.228721	
205	3041	22	23	13	0	0.305636	2.24444	2.68333	-0.467855	0.269249	
206	3051	39	21	16	0	0.268583	5.26667	2.85	0.418042	-0.738626	
207	3061	33	32	34	0	0.455378	4.3	4.24444	-0.794698	0.00864198	
208	3071	47	33	13	0	0.378312	4.93333	3.51111	0.183602	0.0248191	
209	3081	39	28	11	0	0.18261	4.11111	3.38889	-0.0635877	0.0700147	
210	3091	9	56	47	0	0.0178239	4.9	6.81667	0.975364	-0.378655	
211	3101	35	24	59	0	0.0261823	9.78889	8.05556	0.884141	0.116497	
212	3111	26	19	29	0	0.100756	5.53889	3.62778	0.64124	-0.223955	
213	3121	23	19	34	0	0.13227	5.23333	4.13889	0.577725	-0.493413	
214	3131	16	23	44	0	0.128884	5.31667	6.8	-0.289804	0.964827	
215	3141	40	35	27	1	0.397062	4.99444	5.30556	-0.711364	-0.0360867	
216	3151	30	45	40	1	0.432837	5.53889	7.86111	0.306639	0.450764	
217	3161	18	27	12	0	0.276934	2.11111	2.71667	-0.372351	-0.815957	
218	3171	24	40	18	30	0.431349	3.81111	5.27222	0.0480439	0.258058	
219	3181	30	35	38	0	0.304901	6.62778	7.12778	-0.317524	0.203502	
220	3191	20	30	47	0	0.449284	6.3037	6.16296	0.244991	-1.01911	
221	3201	22	25	10	1	0.448047	2.6	3.16667	-0.148799	0.659178	
222	3211	22	7	16	0	0.0573008	3.26111	1.45556	-0.269362	-0.120316	
223	3221	34	15	24	0	0.0911498	4.32222	3.70556	-0.290782	0.0452192	
224	3231	21	59	40	4	0.301187	3.65556	10.9833	0.637247	0.380215	
225	3241	48	21	22	6	0.288489	6.86111	2.67778	0.840003	0.178865	
226	3251	27	13	30	0	0.319948	4.38333	3.62778	-0.362087	0.0466055	
227	3261	14	47	39	0	0.278676	2.38333	7.73889	-1.34315	0.378599	
228	3271	33	33	47	0	0.67292	4.4	5.28333	-1.5582	-0.904971	
229	3281	23	28	7	9	0.354436	2.80556	3.09444	0.583721	0.282963	
230	3291	22	17	15	0	0.0969813	3.62778	2.22778	0.0386531	-0.435577	
231	3301	30	17	18	0	0.146371	3.88333	1.61667	-0.780668	-0.101202	
232	3311	25	37	23	0	0.269801	2.47778	5.91111	-0.526808	0.255455	
233	3321	14	45	50	0	0.120167	2.24444	8.14444	-0.471128	-0.161483	
234	3331	39	12	17	25	0.413688	4.46667	2.76667	-0.035408	-0.443142	
235	3341	27	26	5	35	0.638391	3.61111	2.37222	1.03616	-0.416841	
236	3351	19	41	10	4	0.441355	2.40556	3.96667	0.320826	0.392359	
237	3361	23	40	33	0	0.0506605	5.25556	6.50556	0.179326	-0.235136	
238	3371	29	19	19	0	0.324096	4.47778	2.81111	0.0766731	-0.244491	
239	3381	33	11	24	0	0.410117	4.66111	1.86111	-0.101772	0.41489	
240	3391	36	21	26	0	0.185888	5.46667	2.82222	0.263598	-0.419751	
241	3401	23	10	45	0	0.140131	6.33333	5.03333	0.444236	0.237367	
242	3411	23	17	29	0	0.207183	5.27222	3.06667	0.291878	0.0396027	
243	3421	19	20	31	0	0.161226	4.71852	5.1037	-0.0847834	-0.329323	
244	3431	23	24	27	0	0.197452	3.60556	5.20556	-0.952622	0.258726	
245	3441	27	16	8	3	0.316047	3.14444	1.89444	0.0368323	0.281224	
246	3451	23	24	31	1	0.35979	4.00556	2.9	-0.660747	-0.568325	
247	3461	31	28	18	0	0.387058	3.59444	3.15556	-0.448872	0.526502	
248	3471	32	20	32	0	0.285407	6.30556	4.98889	0.63917	0.678649	
249	3481	7	26	12	25	0.501172	1.68333	3.75	0.449217	0.578796	
250	3491	30	18	14	0	0.356809	2.58333	1.88333	-1.20909	-0.274303	
251	3501	50	28	13	6	0.563737	7.49444	2.46111	0.821295	-0.405976	
252	3511	31	23	15	0	0.368228	5.17778	2.61111	0.867879	-0.151687	
253	3521	24	18	9	24	0.633928	2.74444	2.40556	-0.295312	-0.192424	
254	3531	23	23	10	29	0.61947	2.04444	2.3	-0.272017	-0.523636	
255	3541	11	19	23	4	0.272954	2.22778	3.28889	-0.736607	-0.524114	
256	3551	19	32	30	1	0.502555	4.75556	4.67222	0.993029	-0.298524	
257	3561	22	13	21	19	0.589922	3.40556	2.28333	-0.476519	-0.882403	
258	3571	13	31	21	0	0.393736	2.07222	5.22778	-0.283756	0.725095	
259	3581	12	52	21	1	0.568056	1.08889	7.35556	-0.921635	-0.39803	
260	3591	8	25	17	0	0.300475	2.03889	3.23333	1.03903	-0.24561	
261	3601	19	20	8	11	0.526601	1.65556	2.31667	-0.346191	-0.399567	
262	3611	28	31	33	0	0.218572	6.76111	4.58333	1.06395	-0.464295	
263	3621	35	14	26	5	0.356507	6.25556	1.93333	0.484479	-0.392781	
264	3631	17	32	56	2	0.496303	3.22778	6.35	-0.485991	-0.892524	
265	3641	21	8	13	9	0.458717	2.74444	1.13889	-0.0387523	-0.730225	
266	3651	11	35	21	0	0.507047	1.20556	4.67222	-0.0260964	-0.0180656	
267	3661	18	29	11	13	0.615159	2.38889	3.05556	-0.191969	-0.251414	
268	3671	17	15	17	0	0.542439	2.54444	2.18333	0.179118	-0.304596	
269	3681	8	16	5	31	0.659146	0.977778	1.5	0.057733	-0.631978	
270	3691	26	30	19	0	0.481713	2.66667	3.86111	0.230634	0.642534	
271	3701	32	15	19	2	0.461416	4.28889	2.39444	0.0846647	0.171694	
272	3711	10	26	6	12	0.470779	0.738889	3.35	-0.156325	0.555097	
273	3721	19	18	22	4	0.691985	3.52222	2.13333	0.955533	-0.811679	
274	3731	24	8	5	5	0.276168	2.84444	1.01667	0.357532	-0.158542	
275	3741	10	36	18	0	0.347541	1.2	5.38333	-0.943295	0.782101	
276	3751	9	16	3	2	0.57796	1.03889	1.01667	0.198098	-1.43462	
277	3761	10	22	5	28	0.79671	0.861111	2.51667	-0.554184	0.578562	
278	3771	16	11	4	14	0.612025	2.31111	0.877778	0.701646	-0.57165	
279	3781	23	16	9	2	0.513782	2.59444	1.21667	-0.248935	-1.16345	
280	3791	21	8	9	10	0.64882	2.25556	1.22222	-0.694592	-0.597234	
281	3801	16	22	10	28	0.352884	2.43889	2.97778	-0.19589	-0.42128	
282	3811	29	8	3	50	0.672857	3.00556	0.744444	-0.0577119	-0.171979	
283	3821	9	18	2	7	0.676053	0.65	1.87222	-0.355382	0.243721	
284	3831	11	13	7	30	0.552972	1.23333	1.42778	-0.114799	-0.555016	
285	3841	17	12	5	19	0.656801	1.53333	1.07222	-0.200896	-0.394919	
286	3851	21	18	38	0	0.407107	6.46111	5.11667	1.29526	-0.270973	
287	3861	8	16	19	10	0.477041	3.17222	3.20556	1.40322	0.106405	
288	3871	15	9	14	0	0.411088	2.41667	2.32222	0.271341	0.438415	
289	3881	16	20	9	0	0.438768	2.23333	3.01111	0.240675	0.616847	
290	3891	12	27	8	22	0.814939	1.25	2.76667	-0.174495	-0.102908	
291	3901	22	27	24	3	0.626195	2.93889	4.02778	-0.406402	-0.148641	
292	3911	27	31	18	1	0.557807	3.31667	3.55	-0.532595	0.515777	
293	3921	16	21	10	38	0.41086	2.59444	3.02778	0.635527	1.28037	
294	3931	22	41	34	0	0.346978	3.20556	8.50556	-0.245036	0.892408	
295	3941	23	36	2	59	0.511147	2.46111	3.18889	0.73608	-0.461088	
296	3951	25	7	30	0	0.49538	3.86667	3.55	-0.548672	0.363047	
297	3961	9	18	25	0	0.151975	5.48148	6.31852	1.25137	0.821667	
298	3971	31	12	22	0	0.434749	4.85	3.43889	-0.107081	1.15344	
299	3981	27	11	25	0	0.547942	3.67778	2.53889	-0.638756	-0.494593	
300	3991	13	10	11	0	0.291338	1.95556	1.61111	-0.335863	0.374697	
301	4001	29	12	25	0	0.284328	4.97778	2.31667	0.29632	-0.365662	
302	4011	22	14	21	6	0.545575	3.56667	1.52222	-0.767793	-0.182022	
303	4021	14	14	26	0	0.493827	2.74444	3.39444	-0.427091	0.0119481	
304	4031	18	17	31	2	0.258265	2.64444	4.68889	-0.428343	-0.121916	
305	4041	14	16	14	0	0.344005	2.20556	2.17778	-0.342395	-0.188445	
306	4051	3	20	10	73	0.532918	0.896296	4	0.248146	-0.0264202	
307	4061	20	9	23	0	0.220771	4.32593	2.74815	-0.527307	-0.427349	
308	4071	22	20	35	0	0.207691	5.03889	5.34444	-0.0961854	0.472439	
309	4081	39	11	19	0	0.337838	6.35556	1.26667	0.565166	-0.0222723	
310	4091	25	11	57	0	0.00942062	8.53333	7.06667	0.419352	0.574468	
311	4101	14	20	18	0	0.19104	2.06111	3.57778	-0.85695	-0.117621	
312	4111	47	34	12	28	0.392579	5.66111	3.83333	-0.269622	0.409466	
313	4121	12	14	57	0	0.21362	7.63889	6.66667	0.96136	-0.123532	
314	4131	12	22	26	0	0.170214	3.42222	5.15556	-0.0057578	0.924801	
315	4141	33	25	17	0	0.275462	5.43889	2.3	0.255491	-0.811203	
316	4151	24	20	17	12	0.398455	3.95	3.23889	0.0683869	0.420777	
317	4161	22	12	19	0	0.472652	3.63333	2.30556	-0.286245	0.240425	
318	4171	11	18	14	3	0.506198	2.04444	3.21667	0.0898365	0.904661	
319	4181	12	7	16	1	0.40608	2.95	1.48333	0.630964	0.00364986	
320	4191	9	52	49	0	0.17279	2.95556	11.65	0.39632	1.09502	
321	4201	12	28	40	0	0.287598	4.21667	5.43889	0.973093	-0.349519	
322	4211	19	22	23	0	0.32267	2.85	4.26667	-1.19852	0.201584	
323	4221	20	16	10	5	0.650713	1.77222	1.96667	-0.471687	-0.494443	
324	4231	28	10	16	40	0.347062	3.73889	1.67222	0.279849	-0.674915	
325	4241	20	16	21	0	0.175304	3.83889	2.89444	0.309006	-0.401791	
326	4251	14	28	19	18	0.486156	3.68889	4.03889	0.608747	-0.0551267	
327	4261	26	17	18	0	0.205243	5.03889	2.43889	0.550705	0.0106602	
328	4271	6	12	29	0	0.210776	3.58889	4.29444	0.549458	0.450894	
329	4281	22	12	16	0	0.188348	3.34444	2.18333	-0.0207124	-0.457855	
330	4291	36	9	8	1	0.327678	4.78889	0.75	0.891604	-0.423813	
331	4301	37	14	39	0	0.31527	5.5	4.42778	0.0629762	1.09503	
332	4311	8	20	10	0	0.174681	1.58889	2.71667	0.331394	-0.16013	
333	4321	20	4	43	0	0.330869	6.27222	3.34444	0.643742	0.10454	
334	4331	23	14	14	0	0.336464	3.45556	2.00556	0.696811	-0.813058	
335	4341	10	17	23	0	0.194111	2.57222	4.48333	-0.213258	0.951849	
336	4351	19	6	3	10	0.397917	2.04444	0.527778	-0.0931727	-0.973142	
337	4361	14	3	17	1	0.643642	2.61667	1.10556	-0.0221121	-0.740496	
338	4371	8	17	4	24	0.461999	1.26667	1.89444	0.749312	0.43554	
339	4381	32	10	21	0	0.237193	5.01111	1.26667	0.446596	0.0233381	
340	4391	14	5	26	0	0.327333	3.56667	1.96111	0.517103	-0.740921	
341	4401	24	11	23	0	0.31972	4.48333	3.17222	0.748574	0.433836	
342	4411	8	18	9	0	0.147854	1.14444	2.47222	-0.064092	0.159707	
343	4421	15	10	32	1	0.367494	5.48889	2.66111	1.18821	-0.645577	
344	4431	16	17	37	0	0.175922	3.3	5.95	0.116379	0.765023	
345	4441	12	23	12	6	0.350251	2.40556	2.49444	0.633266	-0.955477	
346	4451	17	19	36	0	0.287697	4.82778	3.4	0.169639	-0.208418	
347	4461	12	17	10	1	0.439526	1.43889	2.72778	-0.318139	0.569122	
348	4471	14	9	37	0	0.11356	4.22778	2.83889	-0.453134	-1.35406	
349	4481	19	20	24	0	0.16911	2.42222	3.96667	-0.753962	0.908704	
350	4491	16	11	21	0	0.114811	3.06667	2.60556	-0.15424	-0.630449	
351	4501	40	13	21	0	0.224678	3.99444	2.66111	-1.12829	0.325109	
352	4511	23	22	17	0	0.085419	3.05556	3.16111	-0.0779936	-0.144419	
353	4521	30	14	27	0	0.12991	5.49444	2.72778	0.167726	0.00345261	
354	4531	12	21	21	0	0.17037	2.98333	3.83333	0.308642	0.381924	
355	4541	17	24	12	0	0.245964	2.1	3.42778	0.585772	0.384253	
356	4551	30	13	16	0	0.17981	3.75556	3.06111	-0.00789723	1.00139	
357	4561	12	21	20	0	0.0353942	2.65556	4.12778	-0.0865168	0.0235317	
358	4571	38	18	41	0	0.215364	7.15556	4.90556	0.491025	-0.512692	
359	4581	27	29	33	0	0.137004	6.30556	5.89444	1.26827	0.57816	
360	4591	21	22	45	0	0.156229	5.94444	6.18889	-0.279025	0.533159	
361	4601	16	20	15	0	0.189418	2.34444	2.84444	-0.450207	-0.163578	
362	4611	26	13	60	0	0.254621	8.85556	7.93333	1.05472	0.449956	
363	4621	26	7	23	0	0.171649	5.02778	2	0.672788	0.0999785	
364	4631	12	31	11	5	0.202756	1.85	3.55	-0.0132383	-0.194578	
365	4641	34	20	18	0	0.3371	4.66111	3.66111	0.364813	0.984396	
366	4651	10	22	68	0	0.379938	7.21481	12.4222	0.858574	0.227545	
367	4661	20	5	43	0	0.348306	6.67778	4.97778	0.53619	0.544339	
368	4671	19	14	8	0	0.204076	2.38333	1.73333	0.00317256	0.239885	
369	4681	13	14	61	0	0.100759	8.77222	4.84444	0.225693	-0.55041	
370	4691	9	20	42	0	0.31448	5.82778	5.47222	0.774872	-0.276532	
371	4701	25	16	36	0	0.294114	4.60556	5.81667	-0.273547	0.409964	
372	4711	23	31	29	0	0.190999	4.47778	4.44444	-0.284677	-0.905841	
373	4721	15	13	19	1	0.168778	3.67778	2.77778	0.978645	-0.305102	
374	4731	25	34	26	0	0.286934	4.47778	5.20556	-0.323524	0.343337	
375	4741	43	20	51	0	0.295032	9.05	5.59444	0.807023	0.212542	
376	4751	12	30	33	0	0.284459	3.71111	5.70556	-0.0484611	0.0231931	
377	4761	33	16	12	12	0.387571	3.61667	2.2	-0.727473	-0.163684	
378	4771	37	57	38	0	0.223126	6.18889	8.05	-0.0431648	-0.345678	
379	4781	37	32	29	0	0.263781	4.02778	4.03889	-0.801976	0.125481	
380	4791	22	13	34	0	0.357699	4.99444	3.66667	-0.211093	0.216864	
381	4801	13	26	14	4	0.449426	2.68889	3.74444	0.00434436	-0.112617	
382	4811	44	39	27	0	0.226951	6.04444	6.3	0.272956	-0.115757	
383	4821	35	40	8	24	0.333699	4.60556	4.28333	0.893643	-0.2033	
384	4831	50	24	16	0	0.245745	5.16667	3.01111	-0.187678	-0.0452712	
385	4841	15	26	27	23	0.458541	4.07222	4.47222	0.0982946	-0.424953	
386	4851	22	49	24	0	0.316974	3.72778	5.97222	0.181627	-0.196196	
387	4861	52	31	32	0	0.217538	8.36111	6.06667	0.979588	0.0298807	
388	4871	50	33	18	8	0.483536	7.55	3.16111	0.401489	-0.10842	
389	4881	18	76	21	7	0.348308	2.65	6.63889	-0.272046	-0.446732	
390	4891	51	20	48	2	0.326476	11.8556	4.08889	1.02115	-0.499663	
391	4901	36	34	24	0	0.183737	6.47222	5.85	0.554801	-0.197519	
392	4911	28	92	34	2	0.471269	2.6	15.0056	-0.0487819	0.464926	
393	4921	40	33	59	1	0.2635	8.52222	8.17778	0.499106	-0.36136	
394	4931	43	32	9	41	0.434109	4.62222	3.21111	-0.260317	-0.367414	
395	4941	27	35	32	0	0.536096	4.62222	4.44444	-0.139314	-0.558739	
396	4951	20	24	46	0	0.0276569	6.07222	7.31667	-0.0986589	0.602642	
397	4961	24	45	18	0	0.476507	3.13333	6.08333	0.548789	0.410748	
398	4971	43	39	39	4	0.595023	6.71111	4.82222	0.00922175	-0.298737	
399	4981	18	22	7	5	0.386701	2.3	2.67778	0.403764	-0.26428	
400	4991	28	40	30	0	0.293503	4.4	6.58333	-0.343998	0.046688	
401	5001	18	24	12	0	0.258709	2.62222	4.26667	-0.221307	-0.0367009	
402	5011	27	23	40	0	0.458855	6.34444	5.4	0.0775619	0.88003	
403	5021	15	19	7	6	0.27882	1.95556	2.32222	0.242394	-0.226813	
404	5031	51	21	47	0	0.362596	11.3778	3.57778	0.967691	0.807757	
405	5041	11	15	15	0	0.172437	2.07222	2.15556	-0.00273997	-0.955335	
406	5051	42	24	29	0	0.261942	6.54444	3.95556	0.419101	0.720399	
407	5061	12	20	16	1	0.381203	1.63889	3.97778	-0.138718	0.692761	
408	5071	11	25	11	0	0.187243	1.77778	3.33889	0.202101	-0.0666547	
409	5081	28	24	27	0	0.25815	4.48889	4.21111	-0.449649	0.288315	
410	5091	46	22	56	0	0.239516	12.2056	4.59444	1.77068	0.141616	
411	5101	46	19	20	0	0.331269	6.15556	2.62778	0.56684	0.290354	
412	5111	51	22	29	0	0.31477	8.53333	2.12222	0.708822	-0.474255	
413	5121	31	30	14	0	0.425772	3.99444	2.77222	0.108335	-0.2534	
414	5131	31	39	13	1	0.488663	3.56667	4.16667	-0.350886	-0.446942	
415	5141	45	33	22	0	0.337639	7.01667	3.90556	1.17639	-0.681404	
416	5151	34	39	35	0	0.326383	5.7	6.23889	0.487748	-0.196689	
417	5161	44	23	21	5	0.517496	4.48333	3.45556	0.0879882	-0.212673	
418	5171	30	33	19	0	0.344383	5.42778	3.83889	0.981072	0.025104	
419	5181	26	22	32	6	0.404211	5.94444	4.95	0.328813	0.525186	
420	5191	33	27	24	0	0.403864	4.55	3.94444	-0.374783	0.204596	
421	5201	34	23	44	3	0.399705	8.27222	4.15556	0.671162	0.543434	
422	5211	22	43	20	3	0.548816	2.87222	4.64444	-0.522324	-0.381278	
423	5221	37	28	16	5	0.424828	5.85556	3.92222	0.57919	0.759439	
424	5231	49	26	30	2	0.385327	8.47778	3.51111	0.693099	-0.278217	
425	5241	21	37	12	60	0.585868	3.52222	4.06111	1.21727	-0.304592	
426	5251	46	14	23	2	0.553131	6.02778	1.89444	-0.36968	0.290234	
427	5261	19	44	47	3	0.444963	5.21111	8.78333	-0.0970272	0.447362	
428	5271	57	40	55	0	0.379873	11.8833	7.36667	0.363504	0.935209	
429	5281	33	32	7	9	0.609533	3.62222	3.25556	-0.200581	-0.188413	
430	5291	37	13	28	3	0.581053	4.22778	2.21111	-0.685604	0.270494	
431	5301	18	32	8	0	0.350153	2.24444	3.87778	-0.171929	0.0228142	
432	5311	19	21	28	0	0.470696	2.87778	5.15	-0.719314	0.927336	
433	5321	25	26	11	0	0.205536	2.74444	3.94444	-0.64081	0.42682	
434	5331	21	23	9	11	0.37974	2.71667	2.81111	0.296423	-0.0646257	
435	5341	51	8	50	0	0.269533	10.4056	4.08333	0.72456	0.665493	
436	5351	30	22	15	1	0.365129	3.49444	3.46667	-0.691842	-0.0998942	
437	5361	13	39	5	13	0.55754	1.08333	4.80556	-0.11328	0.437586	
438	5371	12	12	10	0	0.480915	1.77222	1.5	-0.50126	-0.50835	
439	5381	31	17	30	0	0.41235	7.31111	3.48889	0.348051	0.120035	
440	5391	25	20	9	12	0.500825	2.63333	2.55556	-0.0750553	0.211974	
441	5401	30	9	26	0	0.309737	4.61667	2.74444	-0.269331	-0.575105	
442	5411	18	26	22	0	0.310823	3.31667	3.50556	-0.431148	-0.424221	
443	5421	13	19	12	34	0.40538	1.70556	2.49444	-0.491962	-0.521324	
444	5431	14	22	48	0	0.599504	3.77222	4.47778	0.0133015	-0.73572	
445	5441	35	6	27	3	0.224847	6.39444	2.52778	0.96862	0.717484	
446	5451	21	21	3	20	0.372948	2.74074	2.97778	-0.0920494	-0.206312	
447	5461	15	27	25	0	0.311888	2.57222	3.28333	-0.0128171	0.0901574	
448	5471	37	22	8	16	0.476433	3.13889	2.43889	-0.630264	0.0938038	
449	5481	32	18	33	5	0.467152	6.57222	2.66111	0.26894	-1.05086	
450	5491	40	36	46	0	0.63345	7.47222	3.74444	0.166462	-0.737065	
451	5501	43	13	18	0	0.346799	6.50556	2.25556	0.849418	0.170252	
452	5511	27	18	26	1	0.424291	4.12778	3.2	-0.0537533	-0.450282	
453	5521	25	18	30	0	0.50327	4.53889	4.03333	-0.298228	-0.473848	
454	5531	32	26	23	2	0.515119	6.31111	2.72222	1.22475	0.0692715	
455	5541	22	26	19	2	0.587463	2.65	4.52222	-0.112496	-0.21894	
456	5551	17	16	17	15	0.482978	3.22222	2.4	0.300393	-0.357213	
457	5561	25	20	41	0	0.334337	5.77222	5.22222	0.115062	-0.122145	
458	5571	23	19	62	0	0.44247	8.43889	7.33333	-0.110038	0.195708	
459	5581	13	12	18	45	0.315199	2.96111	3.01667	-0.0509992	0.522846	
460	5591	26	24	22	0	0.334927	4.32222	3.73333	0.560171	0.705389	
461	5601	26	22	9	52	0.550889	2.70556	2.10556	-0.485554	0.0919334	
462	5611	19	31	18	1	0.346738	1.99444	3.66667	0.475247	-0.415856	
463	5621	8	20	34	1	0.437263	2.56111	5.85	0.797464	0.97821	
464	5631	17	18	17	0	0.437538	3.88148	3.63704	-0.246409	-0.119138	
465	5641	19	22	21	5	0.459085	2.85	3.68333	-0.722571	-0.305144	
466	5651	11	18	52	0	0.293609	5.67778	5.73333	0.36833	-0.142484	
467	5661	19	21	12	5	0.364934	3.53889	2.47778	1.05564	-0.181958	
468	5671	20	22	8	0	0.236529	2.52778	2.15556	0.166757	-0.283872	
469	5681	23	14	20	17	0.564147	5.07778	1.96111	1.53057	-0.0336993	
470	5691	14	34	21	0	0.167029	1.48889	6.18889	-0.134888	0.00302145	
471	5701	21	19	14	1	0.563139	1.95556	2.75	-0.457607	-0.184099	
472	5711	15	19	18	0	0.428526	1.68333	4.60556	0.353345	1.16253	
473	5721	9	25	37	0	0.248982	3.72222	5.93889	0.0989826	-0.427932	
474	5731	19	18	21	0	0.353549	4.75556	2.36111	0.902861	0.43894	
475	5741	13	36	48	0	0.40773	3.37778	7.56111	-0.465745	-0.142927	
476	5751	17	12	12	0	0.344132	2.53889	1.58333	-0.324531	-0.634044	
477	5761	14	17	8	24	0.61632	1.91667	1.78889	-0.0532856	-0.561754	
478	5771	13	16	63	0	0.310962	6.56111	6.71667	-0.345452	-0.488713	
479	5781	23	7	15	1	0.514733	3.13889	1.36111	-0.640494	-0.231901	
480	5791	29	12	25	0	0.370552	4.66111	2.79444	-0.823605	0.827029	
481	5801	35	12	13	0	0.230531	4.87222	1.33333	0.249075	0.612063	
482	5811	13	21	18	0	0.292951	2.95556	3.78889	0.220119	0.295681	
483	5821	13	21	17	0	0.309392	1.63889	3.58333	-0.864391	0.476167	
484	5831	20	17	11	0	0.252464	2.03889	2.00556	-0.672273	0.00509439	
485	5841	34	12	33	2	0.388316	7.43333	2.89444	0.722607	0.33218	
486	5851	30	10	28	0	0.411319	3.88889	1.24444	-0.518038	-0.46506	
487	5861	22	14	14	3	0.439869	3.9	1.38889	0.668896	-1.05155	
488	5871	29	13	24	0	0.350965	3.63889	2.07778	-0.325879	0.153266	
489	5881	18	11	23	16	0.383959	3.35556	2.63333	-0.224765	-0.271724	
490	5891	17	21	15	9	0.341387	2.01667	2.36667	-0.528153	-1.09821	
491	5901	15	15	9	5	0.466017	2.07222	1.69444	0.104269	-0.259661	
492	5911	35	17	8	12	0.499339	3.79444	2.28333	-0.237671	0.223896	
493	5921	57	21	47	6	0.690144	6.10556	4.35	0.0431342	0.425557	
494	5931	46	16	21	6	0.467184	4.43333	2.07222	0.0724821	0.0280233	
495	5941	34	14	14	4	0.540587	3.85556	1.09444	-0.281002	-0.74493	
496	5951	32	12	12	3	0.520829	2.78333	1.42222	0.407114	0.202311	
497	5961	23	25	18	0	0.294759	4.57778	4.10556	0.734217	0.312578	
498	5971	17	23	15	1	0.30983	2.37222	4.16111	0.0482963	0.286959	
499	5981	25	13	16	1	0.427419	3.67222	1.45556	0.379301	-0.793835	
500	5991	16	15	39	0	0.161611	3.26667	5.36111	-0.499919	0.953287	
501	6001	23	31	18	2	0.538219	3.23889	4.92222	0.11443	0.368341	
502	6011	18	21	15	0	0.25316	1.96667	2.38889	-0.488884	-0.157651	
503	6021	31	26	27	0	0.335702	5.61111	4.36667	0.945161	0.128375	
504	6031	12	33	42	0	0.478977	5.23889	7.25	0.653631	0.251698	
505	6041	27	9	6	28	0.411744	2.61667	1.32778	-0.302824	-0.00973122	
506	6051	11	25	21	1	0.121349	1.76111	2.78333	0.433062	-0.194949	
507	6061	8	27	35	0	0.202228	4.26111	5.62222	0.298513	-0.191323	
508	6071	24	10	17	0	0.334637	4.35	2.14444	0.412211	0.905022	
509	6081	13	24	11	29	0.617807	2.1	3.07778	0.0864392	-0.119855	
510	6091	13	18	27	0	0.215003	2.96111	4.67222	-0.455537	0.16357	
511	6101	19	26	14	7	0.521962	2.64444	3.18889	-0.352911	-0.667801	
512	6111	14	26	6	1	0.516884	1.91667	2.2	0.196714	-0.799142	
513	6121	25	20	15	2	0.307235	3.53889	3.57222	-0.152273	0.732952	
514	6131	38	22	23	2	0.547423	3.5	2.86111	-1.38186	0.359033	
515	6141	20	45	39	0	0.406088	5.35556	7.33333	-0.270555	-0.0599021	
516	6151	30	11	19	1	0.609242	4.41111	2.01111	-0.227947	-0.328222	
517	6161	18	21	8	1	0.349667	2.36667	2.22778	-0.320481	-0.363039	
518	6171	11	12	30	3	0.476693	3.46667	3.05	-0.146504	-0.738328	
519	6181	8	48	57	0	0.2997	4.67222	9.08889	0.361306	-0.274432	
520	6191	10	18	20	0	0.371509	2.18333	3.83889	0.447936	0.674315	
521	6201	26	18	3	42	0.617333	2.78889	1.62778	0.469356	-0.423641	
522	6211	16	16	7	20	0.447221	1.77222	2.15556	-0.582599	0.394587	
523	6221	39	18	42	0	0.42227	5.6	3.62222	0.242017	0.417448	
524	6231	35	15	18	2	0.662101	4.46667	1.22222	-0.646175	-0.459796	
525	6241	11	30	22	11	0.608775	1.86111	6.16667	0.0481692	1.1621	
526	6251	38	10	28	9	0.499598	5.23889	1.52222	-0.149567	-0.686873	
527	6261	27	7	8	0	0.563819	3	0.811111	0.281469	-0.832199	
528	6271	15	15	15	8	0.555024	2.78333	2.02778	0.133114	-0.611496	
529	6281	17	23	4	14	0.557278	2.05556	2.11111	0.999021	-0.263683	
530	6291	12	6	9	7	0.530244	1.11667	1.76111	0.0369703	0.983759	
531	6301	16	10	36	0	0.608832	3.89444	2.81111	0.724523	-0.704058	
532	6311	10	6	18	0	0.244387	2.74444	2.46111	0.265584	-0.140847	
533	6321	34	7	32	0	0.442004	9.14815	2.62222	0.464047	-0.17114	
534	6331	47	13	27	7	0.410454	5.48889	2.74444	-0.337717	0.670567	
535	6341	15	42	28	0	0.213442	2.08333	8.35	0.237322	0.910212	
536	6351	8	9	2	7	0.559779	0.948148	1.60741	-0.486438	1.0477	
537	6361	11	20	27	0	0.179223	4.06111	4.55556	0.815959	0.512274	
538	6371	16	23	34	0	0.161273	5.57778	4.61667	0.571053	-0.487269	
539	6381	22	20	42	0	0.298171	6.28889	5.32222	0.230442	-0.469173	
540	6391	20	22	15	0	0.177819	2.28333	3.73889	-0.509477	1.15255	
541	6401	34	14	37	0	0.289662	6.73889	3.21667	-0.0369912	0.317074	
542	6411	11	12	6	1	0.32433	0.972222	2.16111	-0.565465	1.11418	
543	6421	10	10	47	0	0.294855	7.08333	3.41111	1.71706	0.090043	
544	6431	15	14	28	0	0.366437	4.75556	4.00556	1.28273	0.82391	
545	6441	23	11	30	0	0.105179	4.96667	4.06111	0.892538	0.283418	
546	6451	10	7	25	0	0.184161	4.57037	3.5037	0.801318	0.362798	
547	6461	13	57	71	0	0.276466	5.54444	12.7889	0.538537	0.951505	
548	6471	7	22	24	1	0.259959	2.1	4.40556	0.0236221	0.129274	
549	6481	28	17	31	0	0.276919	6.07222	4.43889	0.660376	-0.23209	
550	6491	9	16	26	0	0.16116	3.46111	4.12778	1.08932	0.0955017	
551	6501	17	16	55	0	0.169199	6.56111	7.57222	0.0840076	-0.0946767	
552	6511	19	11	6	2	0.396603	2.16667	1.56111	-0.21205	0.74906	
553	6521	4	10	44	0	0.269544	5.15	5.58889	0.430024	0.403531	
554	6531	16	8	25	0	0.122323	5.62963	3.25185	0.958658	0.292853	
555	6541	19	12	37	0	0.0522779	5.58889	3.89444	0.949606	-0.263908	
556	6551	17	14	20	0	0.228899	3.42778	2.76667	-0.104165	-0.126392	
557	6561	31	7	34	10	0.48767	4.78333	2.63889	-0.320665	0.328591	
558	6571	44	24	24	0	0.238381	5.52222	3.87222	-0.290043	0.209837	
559	6581	31	16	24	0	0.334735	4.97778	3.00556	0.0130235	-0.455852	
560	6591	24	52	33	0	0.216774	4.38889	6.19444	0.251891	-0.473134	
561	6601	10	24	23	1	0.338645	2.6	4.52222	1.0745	0.254271	
562	6611	75	16	58	0	0.312232	14.9389	2.51667	0.48567	0.219044	
563	6621	16	7	31	3	0.150403	4.10556	2.96667	0.0314869	-0.158005	
564	6631	18	27	31	0	0.23955	2.91111	5.40556	-0.780124	0.453711	
565	6641	37	12	37	0	0.224696	5.53889	2.81667	-0.35254	0.139652	
566	6651	14	11	28	0	0.131062	3.78889	2.53333	-0.172413	-0.905804	
567	6661	17	33	22	0	0.144207	2.99444	4.46667	-0.114389	-0.312601	
568	6671	35	15	33	0	0.114013	4.99444	3.5	-0.296731	0.267987	
569	6681	29	14	42	0	0.231349	6.69444	5.18889	0.61306	0.970001	
570	6691	13	22	29	0	0.242803	4.23889	4.87222	0.663149	0.539323	
571	6701	22	42	8	2	0.351855	2.62222	3.74444	-0.142244	-0.609162	
572	6711	35	26	23	0	0.321978	5.29444	4.45556	-0.475131	0.146683	
573	6721	20	21	28	0	0.28539	4.36667	5.13333	0.0388595	0.874404	
574	6731	27	12	25	0	0.317639	4.51111	2.41667	0.261901	0.407365	
575	6741	31	14	32	0	0.411347	4.8	3.81667	-0.14855	0.730425	
576	6751	23	17	14	0	0.283859	3.16667	2.43889	0.34114	-0.482803	
577	6761	17	34	64	0	0.245246	8.68333	10.9056	1.08105	0.905738	
578	6771	33	25	13	0	0.145964	5.13333	4.71852	-0.470661	0.0594766	
579	6781	27	59	20	13	0.343197	3.46111	9.05	-0.107816	0.242117	
580	6791	27	14	18	0	0.19162	4.56111	2.28889	0.0946309	-0.206577	
581	6801	29	23	39	0	0.114392	5.9	4.48889	0.435794	-0.488846	
582	6811	44	25	30	0	0.164206	6.34444	5.80556	-0.0330205	1.07614	
583	6821	15	37	23	0	0.10756	2.80556	5.60556	-0.269538	0.225803	
584	6831	25	28	23	1	0.195149	3.91111	5.05	0.212753	0.208888	
585	6841	35	19	8	19	0.353335	3.45	2.08889	-0.0772584	-0.384267	
586	6851	32	33	60	0	0.0559886	9.65	10.3	0.731696	0.997641	
587	6861	35	24	24	0	0.179945	4.4	4.64444	-0.878133	0.345082	
588	6871	20	29	27	0	0.213238	2.88889	4.85	-0.514412	0.104868	
589	6881	31	33	34	0	0.109802	5.99444	6.84444	0.300695	0.606188	
590	6891	27	36	30	0	0.308636	4.38333	6.91111	-0.585642	0.414075	
591	6901	50	21	45	0	0.158753	7.66111	5.84444	-0.22445	0.127002	
592	6911	32	23	42	1	0.301258	6.29444	3.87778	-0.18121	-1.36187	
593	6921	20	21	36	0	0.120869	4.55556	5.21111	-0.286215	0.12091	
594	6931	39	27	6	3	0.248234	3.49444	2.75556	-0.497305	0.217346	
595	6941	50	38	38	1	0.274357	7.23333	5.71111	-0.548799	-0.683211	
596	6951	42	30	38	0	0.286408	6.06111	6.22222	-0.781751	0.487382	
597	6961	27	13	32	0	0.0897551	5.48889	2.74444	-0.034161	-0.36894	
598	6971	34	49	40	0	0.273445	4.79444	9.85556	-0.527654	1.09605	
599	6981	48	40	31	0	0.173583	7.86667	6.43889	0.560903	-0.226804	
600	6991	24	22	35	0	0.280967	5.37222	4.02778	-0.164612	-0.166655	
601	7001	35	42	39	0	0.257452	6.07222	6.62222	-0.293648	0.393294	
602	7011	22	37	9	0	0.197547	2.33889	4.13889	-0.0670367	-0.0784759	
603	7021	23	33	25	2	0.464218	2.83889	5.38333	0.0781118	-0.102107	
604	7031	28	33	12	4	0.394496	4.01111	4.43333	-0.175578	0.747095	
605	7041	29	49	42	0	0.189325	6.53889	7.53889	-0.318927	-0.587628	
606	7051	36	33	42	0	0.13605	6.16111	7.09444	-0.517422	-0.0374053	
607	7061	30	29	17	0	0.191561	4.25556	4.27222	0.242152	0.306198	
608	7071	39	35	31	0	0.169444	7.07778	5.37778	0.755731	-0.32622	
609	7081	17	34	24	0	0.264421	1.86111	4.87222	-0.540358	-0.15682	
610	7091	29	27	40	0	0.264972	5.22778	7.53889	0.322117	1.27461	
611	7101	42	25	54	0	0.126868	9.49444	4.63889	-0.414257	-0.992595	
612	7111	33	13	53	0	0.156872	9.62778	4.28333	0.992252	-0.74553	
613	7121	16	32	26	0	0.225404	3.51667	4.87778	-0.45521	0.109049	
614	7131	17	19	78	1	0.291098	6.60556	9.68333	-0.76543	-0.0813893	
615	7141	7	22	21	0	0.263336	2.18889	3.52222	0.205276	-0.277407	
616	7151	33	18	12	43	0.474266	4.23333	2.55	-0.0267644	-0.0512311	
617	7161	25	46	46	0	0.390831	4.43333	6.31667	-0.0349283	-0.791589	
618	7171	22	23	24	0	0.21212	4.02778	3.8	0.319979	-0.426185	
619	7181	30	27	65	0	0.176345	9.7	8.66111	0.629164	-0.59503	
620	7191	24	25	19	0	0.225046	3.97778	3.49444	0.693333	0.393048	
621	7201	15	24	18	0	0.113517	2.72222	3.81111	-0.178478	0.589729	
622	7211	11	23	22	0	0.260814	2.75556	3.66667	-0.400448	-0.162942	
623	7221	29	21	50	0	0.0275761	7.12222	5.77778	-0.422133	-0.496703	
624	7231	19	46	31	0	0.215758	2.59444	7.29444	-0.489789	0.14763	
625	7241	27	15	38	0	0.282384	6.21111	4.52222	-0.075041	0.250519	
626	7251	31	29	15	13	0.214596	4.41111	3.76667	0.599	-0.288131	
627	7261	17	42	25	1	0.259937	2.71667	6.12222	-0.259808	-0.331435	
628	7271	23	35	63	0	0.232871	7.47778	9.63889	-0.0152124	0.0379026	
629	7281	27	19	25	0	0.207227	4.23333	4.07222	-0.0206313	-0.334649	
630	7291	19	50	17	3	0.240835	2.06111	5.82222	-0.674401	-0.07767	
631	7301	22	41	33	0	0.13937	4.64444	7.35556	-0.123622	0.608336	
632	7311	25	20	40	0	0.135706	5.72222	6.36111	-0.116991	0.56911	
633	7321	16	15	39	0	0.168239	5.03889	4.96111	-0.0381391	0.196516	
634	7331	30	29	45	0	0.188355	6.38333	7.60556	0.474797	0.254926	
635	7341	40	31	17	1	0.490566	3.81111	5.00556	-0.474228	0.447191	
636	7351	31	25	24	2	0.208628	5.10556	3.96111	-0.0744552	-0.220122	
637	7361	24	38	55	0	0.0653988	6.35	6.21111	-0.300964	-0.865398	
638	7371	26	35	23	0	0.297972	4.23889	5.96111	0.564163	0.669895	
639	7381	54	24	54	0	0.199793	8.32222	5.87778	0.146511	0.358625	
640	7391	24	24	33	0	0.223321	5.02222	4.25556	-0.539827	-0.272717	
641	7401	38	21	34	0	0.104666	5.95	5.83333	-0.457767	0.845885	
642	7411	21	33	38	0	0.299627	3.53889	6.59444	-0.479863	-0.0599144	
643	7421	26	46	64	0	0.0693774	5.17222	7.02222	0.24451	-0.340903	
644	7431	35	30	52	0	0.133967	5.95	6.02222	-0.891544	-0.222706	
645	7441	21	25	67	0	0.0788237	5.46111	8.07222	-0.97764	-0.220989	
646	7451	8	34	62	0	0.197833	3.55	7	-0.912523	-0.880526	
647	7461	18	12	44	0	0.0393746	4.80556	4.69444	-0.3745	-0.774564	
648	7471	20	12	41	0	0.0640403	6.6	6.11111	0.962738	1.23905	
649	7481	10	32	21	0	0.22725	2.47222	5.10556	-0.318765	0.0963039	
650	7491	27	42	47	0	0.194613	5.46667	6.89444	0.146464	-0.331526	
651	7501	18	14	49	0	0.0809263	5.91667	4.82778	0.414738	-0.0333469	
652	7511	31	17	32	0	0.058814	5.51667	4.23889	0.0367234	0.971501	
653	7521	22	27	33	0	0.0860206	5.06667	4.59444	-0.0540603	-0.203874	
654	7531	19	12	15	0	0.0942021	4.48889	2.77778	0.379599	-0.494496	
655	7541	22	9	37	0	0.116541	4.96667	3.35556	-0.218615	-0.603457	
656	7551	22	32	18	0	0.332258	3.32778	3.24444	0.352207	-0.562407	
657	7561	17	17	25	0	0.142518	4.25	3.82778	0.669906	0.0294773	
658	7571	31	9	29	0	0.0579834	6.73333	3.36296	0.28847	0.40653	
659	7581	19	14	17	0	0.0896112	3.14444	2.28889	-0.00198788	-0.763895	
660	7591	21	29	18	35	0.253839	3.37778	3.85	-0.0629669	-0.591305	
661	7601	16	16	41	0	-0.0120867	7.14815	8.71852	0.415082	1.20368	
662	7611	9	17	24	0	0.281838	2.18889	4.32222	0.19999	0.128002	
663	7621	9	15	18	0	0.372756	2.12778	2.66111	-0.627048	-0.154795	
664	7631	12	10	32	2	0.230564	3.98333	3.78333	-0.211564	0.395456	
665	7641	16	26	19	0	0.259638	2.46667	5.28889	-0.499305	0.134439	
666	7651	15	21	18	0	0.384652	2.47778	3.46111	0.180428	0.337883	
667	7661	24	9	9	1	0.326884	2.39444	1.80556	-0.735366	1.1217	
668	7671	19	20	15	0	0.28272	2.05	3.29444	-0.556923	0.173905	
669	7681	18	7	15	0	0.326575	2.47222	1.61667	-0.723546	0.215397	
670	7691	22	24	35	0	0.244937	5.35	6.02222	-0.163074	0.388657	
671	7701	18	18	23	0	0.268877	3.28889	2.65556	-0.553956	-0.709195	
672	7711	16	20	27	0	0.0719786	3.79444	4.93889	0.0457539	0.393813	
673	7721	17	15	28	0	0.220769	3.74444	4.13889	-0.252607	-0.185877	
674	7731	15	23	42	0	0.0863761	4.68333	6.79444	-0.255514	0.939619	
675	7741	21	18	24	0	0.168121	3.48333	3.12778	0.147445	-0.573613	
676	7751	31	29	11	5	0.427737	3.07778	3.56667	-0.534969	-0.299812	
677	7761	12	5	38	0	0.0962047	4.22222	4.11667	0.0434973	0.413064	
678	7771	23	24	18	0	0.200457	3.98333	3.77778	0.390596	0.918288	
679	7781	15	21	55	0	0.289038	5.3	8.71111	-0.454209	1.1524	
680	7791	12	29	27	0	0.145238	3.79444	4.24444	0.196086	-0.877367	
681	7801	26	23	28	0	0.256816	4.42778	3.98333	-0.624358	0.0320408	
682	7811	20	24	44	0	0.104042	5.98889	5.01111	0.566394	-0.0408001	
683	7821	28	12	8	2	0.452176	3.47778	1.03889	0.231616	-1.2396	
684	7831	27	15	33	0	0.296677	4.47222	4.61111	-0.710853	1.17264	
685	7841	36	36	25	0	0.397467	4.91111	5.58333	0.293068	0.941146	
686	7851	34	19	28	0	0.17783	6.6	4.05556	0.799823	0.541153	
687	7861	27	20	42	0	0.0421183	6.81111	6.47778	0.603958	0.588477	
688	7871	22	19	42	0	0.240694	5.86667	6.42778	0.294446	0.116085	
689	7881	27	16	19	0	0.153874	4.17778	2.13333	-0.372323	-0.232444	
690	7891	29	8	25	0	0.0749923	7.57778	3.77037	0.925007	1.1049	
691	7901	8	18	20	0	0.187627	1.61481	4.76296	-0.612346	0.51983	
692	7911	5	10	29	0	0.0858132	3.36111	3.35556	0.110145	-0.298234	
693	7921	14	27	19	0	0.389102	2.80556	4.48889	0.163944	0.188481	
694	7931	8	22	19	0	0.285613	2.44444	3.60556	0.807592	0.328673	
695	7941	16	30	36	0	0.109538	4.12222	6.41111	0.0255344	0.113313	
696	7951	28	13	24	1	0.46274	3.37778	2.85	-0.583026	-0.266026	
697	7961	13	12	22	0	0.11153	2.54444	2.45	-0.394104	-0.751281	
698	7971	29	21	23	0	0.222129	4.87778	3.17222	0.394527	-0.171378	
699	7981	21	14	20	0	0.596283	4.52778	1.63889	0.518312	-0.399784	
700	7991	8	29	28	0	0.380415	1.37222	4.31111	-1.00298	-0.281581	
701	8001	7	32	28	0	0.254733	2.36667	6.95	0.319252	0.334843	
702	8011	19	34	24	0	0.272136	3.45556	4.68889	-0.198925	0.0543776	
703	8021	13	21	35	0	0.297461	5.02222	4.53333	0.901046	-0.168436	
704	8031	9	17	36	0	0.11508	5.13333	5.16667	1.45626	0.690426	
705	8041	15	15	17	3	0.36633	2.75556	2.73333	0.1177	-0.145155	
706	8051	22	14	23	0	0.12315	4.05	3.62222	0.0566722	0.351527	
707	8061	15	18	21	0	0.0817734	3.03333	2.94444	-0.231312	-0.675397	
708	8071	14	59	49	0	0.244023	2.52778	13.3611	0.00989248	1.11174	
709	8081	12	24	25	0	0.22845	2.48333	4.51111	-0.0102846	-0.322154	
710	8091	23	9	51	0	0.134618	6.06667	6.09444	-0.018133	0.961022	
711	8101	31	11	51	0	0.0311552	8.05556	6.61667	-0.31061	0.386935	
712	8111	22	7	26	0	0.167424	4.88333	2.76667	0.934796	0.627192	
713	8121	16	19	20	0	0.131177	2.68333	3.62778	0.236569	-0.304878	
714	8131	31	22	14	0	0.176927	3.97778	3.04444	-0.0333657	0.342375	
715	8141	13	27	21	0	0.294929	3.06111	4.18333	0.587474	0.176347	
716	8151	18	29	10	14	0.541119	2.43889	4.36667	0.397088	1.20908	
717	8161	11	17	17	0	0.15118	3.05926	3.87407	-0.235749	-0.197427	
718	8171	17	7	4	6	0.375416	2.05556	0.8	0.661709	0.156017	
719	8181	15	19	9	1	0.375989	2.01481	3.4963	0.0505863	0.19599	
720	8191	8	20	10	0	0.311752	0.75	2.42222	-0.308844	-0.40893	
721	8201	4	21	26	7	0.286277	2.12222	5.17778	-0.824153	1.10384	
722	8211	23	14	5	41	0.613825	2.62222	1.43333	0.728553	0.0285098	
723	8221	41	22	27	1	0.611933	5.72778	1.81111	0.357597	-0.60262	
724	8231	33	11	20	2	0.670162	3.04444	1.93889	-0.72385	0.597208	
725	8241	18	27	34	0	0.28393	2.96111	5.51111	-0.938685	0.619844	
726	8251	17	21	10	0	0.526609	2.14444	2.65	-0.155167	0.557064	
727	8261	29	15	25	0	0.284187	5.12222	3.07778	-0.030125	-0.441098	
728	8271	15	5	4	21	0.671932	1.72778	0.472222	-0.135379	-0.352946	
729	8281	17	25	17	11	0.549902	2.63889	3.95556	-0.210782	0.585742	
730	8291	24	17	18	0	0.200901	4.08333	2.44444	0.198877	-0.29506	
731	8301	15	15	5	6	0.424298	2.02222	1.68889	0.703582	-0.338508	
732	8311	23	14	24	0	0.185596	4.16111	2.81111	0.0197669	0.582269	
733	8321	7	21	9	18	0.583547	0.883333	3.01667	-0.131297	0.574101	
734	8331	25	9	1	16	0.595391	2.58333	0.722222	0.473818	-0.398433	
735	8341	25	12	1	3	0.350549	2.05556	0.977778	-0.172589	-0.539705	
736	8351	24	17	19	13	0.357679	4.27222	4.06667	0.46	1.29663	
737	8361	34	22	26	1	0.525946	4.12222	3.62778	-0.0857401	0.810865	
738	8371	18	12	10	11	0.27305	2.23889	1.71111	0.0295215	-0.244217	
739	8381	27	17	21	0	0.24698	3.88333	3.33333	-0.365963	0.039181	
740	8391	34	22	26	1	0.418464	4.93333	2.66667	-0.377143	-0.883508	
741	8401	14	35	15	2	0.482391	2.59444	4.80556	0.451648	0.555259	
742	8411	26	20	4	22	0.447475	3.24444	2.03333	1.0338	-0.540256	
743	8421	13	21	34	1	0.484101	3.46111	4.38889	-0.261211	0.0532063	
744	8431	23	15	1	47	0.652557	2.16667	1.35	0.142409	0.400747	
745	8441	29	14	42	0	0.359818	7.29444	3.73889	0.317724	0.180596	
746	8451	23	51	13	0	0.283525	2.67778	6.71667	0.544335	0.718675	
747	8461	17	32	24	2	0.470039	2.9	5.70556	0.62435	0.208689	
748	8471	8	20	36	5	0.542347	3.25	4.07778	-0.716626	0.207776	
749	8481	9	37	13	39	0.74349	1.02222	5.01481	-0.31407	-0.185615	
750	8491	20	20	41	0	0.395234	5.66111	5.83333	0.503977	0.471102	
751	8501	13	18	12	10	0.521929	2.24444	2.61111	-0.132388	0.231896	
752	8511	22	25	12	3	0.35858	2.41667	3.62222	0.00691972	-0.066586	
753	8521	14	21	4	43	0.53741	1.3	2.46111	-0.116914	0.928452	
754	8531	18	10	26	0	0.323075	4.10556	2.27222	-0.165801	-0.124273	
755	8541	20	18	53	1	0.547082	5.09444	4.51111	-0.556124	-0.302866	
756	8551	24	30	15	1	0.52732	2.45	3.63889	-0.907406	0.104332	
757	8561	26	40	30	0	0.480262	3.77778	4.98333	-0.174085	-0.179903	
758	8571	17	22	40	3	0.734667	2.95	4.52222	-0.312837	-0.698566	
759	8581	12	15	5	27	0.743785	1.06667	1.62778	-0.687163	-0.280259	
760	8591	13	35	31	0	0.225752	2.85	6.6	0.868445	0.0182641	
761	8601	25	23	14	2	0.300575	3.66667	2.39444	0.619554	-0.167307	
762	8611	16	29	25	0	0.1869	2.19444	5.73889	0.397512	0.0803517	
763	8621	9	27	16	0	0.215053	1.25556	2.92222	-1.14997	-0.505912	
764	8631	13	35	14	1	0.290146	1.4	4.03333	-0.51166	-0.293772	
765	8641	24	19	28	0	0.374782	4.62222	4.15556	0.467867	0.433186	
766	8651	31	19	21	1	0.353329	5.62222	2.56111	1.19414	0.537452	
767	8661	16	41	21	2	0.23607	3.13889	5.41667	0.706749	0.363341	
768	8671	18	27	22	0	0.189524	4.17222	4.97778	0.382446	0.754057	
769	8681	46	14	24	0	0.212933	7.01667	2.04444	-0.0214667	-0.21455	
770	8691	23	17	1	28	0.51778	2.62222	2.15	0.844498	1.21665	
771	8701	39	7	16	0	0.438929	5.01111	1.07778	0.879251	0.492103	
772	8711	22	8	26	2	0.60977	6.02778	1.07778	1.18772	-0.844233	
773	8721	24	35	17	4	0.458623	3.9	4.02778	0.394474	-0.11165	
774	8731	28	14	25	1	0.378323	4.64444	2.4	-0.207877	-0.599061	
775	8741	8	30	18	5	0.4278	2.38333	3.3	0.140713	-0.473462	
776	8751	25	14	34	0	0.413673	5.12778	4.58333	0.217748	0.818069	
777	8761	15	14	21	20	0.32915	2.96667	3.43889	-0.605695	0.532572	
778	8771	31	18	29	0	0.228324	5.98889	5.11667	0.577946	0.848212	
779	8781	14	29	19	40	0.484215	2.55556	4.66111	-0.597444	0.605539	
780	8791	22	27	22	1	0.687723	3.15	2.88333	0.0149364	-0.334584	
781	8801	33	15	50	0	0.404041	7.09444	5.5	-0.613367	1.05386	
782	8811	21	26	16	0	0.365406	2.96667	4.61111	0.527068	1.12379	
783	8821	26	24	49	0	0.227572	7.04444	5.11667	0.12684	-0.0815373	
784	8831	36	15	47	0	0.34183	8.04444	5.98333	-0.347102	-0.100512	
785	8841	34	28	20	0	0.30978	5.61667	3.13889	1.08524	-0.000208821	
786	8851	25	33	19	16	0.491355	3.00556	4.52222	0.248268	-0.301657	
787	8861	19	24	27	0	0.229691	4.95	3.67222	0.575264	-0.066175	
788	8871	26	21	24	0	0.321078	4.40556	3.78889	0.179274	0.483438	
789	8881	26	29	31	0	0.217656	3.98333	6.21111	0.133165	0.424684	
790	8891	61	19	36	1	0.17416	10.2056	3.85	0.570353	-0.25962	
791	8901	32	77	36	9	0.430169	3.03333	12.95	-0.663124	0.607445	
792	8911	35	47	9	11	0.358617	3.36667	4.55	-0.234877	-0.468497	
793	8921	26	25	54	2	0.409765	6.55556	5.65556	0.515727	-0.532533	
794	8931	26	19	11	28	0.363642	2.86667	2.25556	-0.155411	-0.0856777	
795	8941	30	34	30	0	0.137032	4.32778	4.84444	-0.852381	-0.0839268	
796	8951	17	28	51	0	0.253507	7.39444	5.48333	0.639356	-0.413513	
797	8961	20	33	28	0	0.0892359	4.39444	4.97222	-0.142972	-0.509718	
798	8971	19	76	46	0	0.158273	3.83889	7.9	-0.189558	-0.807977	
799	8981	50	48	45	0	0.120234	7.01667	8.5	-0.250062	-0.0203853	
800	8991	16	21	56	0	0.110858	8.88889	8.55556	0.31688	0.249593	
801	9001	27	37	45	0	0.295499	4.93333	7.25556	-0.441146	-0.237416	
802	9011	24	13	17	0	0.151492	3.89444	2.52222	0.512748	0.229232	
803	9021	15	34	63	0	0.0654009	6.81667	8.45556	0.0636472	0.208143	
804	9031	21	21	31	0	0.123303	5.33889	4.59444	0.757487	-0.120971	
805	9041	49	25	46	0	0.0506372	7.69444	6.24444	-0.0259163	0.0688674	
806	9051	14	48	40	0	0.135552	3.67222	6.63333	-0.267543	-0.846566	
807	9061	20	20	45	0	0.0615085	4.52778	5.29444	-0.913454	-0.461046	
808	9071	26	24	36	0	0.0851045	4.85	4.94444	-0.353502	-0.338284	
809	9081	16	29	33	0	0.219758	3.67222	4.45556	0.0139882	-0.696344	
810	9091	26	20	43	0	0.0793384	6.88889	5.80556	0.26667	-0.102473	
811	9101	29	21	44	0	0.105016	7.40556	4.91111	0.747173	-0.769225	
812	9111	24	28	34	0	0.129074	5.92222	4.62778	0.922764	0.0329049	
813	9121	29	24	16	0	0.223672	3.73333	2.87222	-0.0295046	-0.951257	
814	9131	18	19	22	0	0.0710517	3.52222	3.48889	-0.104785	-0.222607	
815	9141	34	28	82	0	0.152449	9.61667	7.36667	-0.0835314	-0.575662	
816	9151	54	38	57	2	0.26581	10.4111	6.66667	0.1235	0.138049	
817	9161	26	28	40	0	0.136172	6.49444	6.75	0.512893	0.198881	
818	9171	29	27	39	0	0.0378882	6.77222	6.06667	0.0974798	-0.284461	
819	9181	30	37	43	0	0.0971567	7.63889	7.15	0.272662	0.18273	
820	9191	36	28	54	0	0.102094	8.84444	7.50556	0.377521	0.475913	
821	9201	28	36	40	0	0.189895	6.66667	7.13889	0.2827	0.469925	
822	9211	30	18	49	0	0.140289	8.07778	5.31111	0.570846	0.269038	
823	9221	42	37	34	0	0.137091	6.30556	5.95556	0.200005	-0.050602	
824	9231	31	25	29	0	0.12957	4.78889	4.38889	-0.509015	-0.415853	
825	9241	38	41	55	1	0.271074	8.06667	7.66111	0.0170294	0.107816	
826	9251	18	29	9	15	0.493042	1.77778	2.98889	-0.596004	-0.552505	
827	9261	20	32	39	0	0.109008	5.43333	5.45	-0.137038	-0.510958	
828	9271	23	33	46	0	0.221962	4.55556	7.05	-0.63466	-0.354995	
829	9281	23	19	63	0	0.160933	7.10556	7.78889	-0.463863	0.323178	
830	9291	37	28	73	0	0.107821	9.68889	6.74444	0.70615	-0.743912	
831	9301	29	28	35	0	0.143593	6.01111	5.20556	0.101427	-0.358639	
832	9311	22	16	28	0	0.292482	3.5	2.85556	-0.549091	-0.403821	
833	9321	27	25	42	0	0.171198	5.81667	5.51111	-0.409874	-0.123679	
834	9331	50	33	34	16	0.436749	7.62222	3.66667	-0.0609231	-0.939621	
835	9341	41	23	11	2	0.255456	4.58333	2.37222	-0.100152	-0.492011	
836	9351	11	33	45	0	0.292389	4.92222	5.61111	0.0121031	-0.0933402	
837	9361	17	17	39	0	0.274208	4.72778	4.71667	-0.563375	-0.241175	
838	9371	43	24	38	0	0.297337	6.43889	2.65556	-0.0957044	-0.718343	
839	9381	18	11	8	1	0.587671	2.28333	1.22222	0.0510309	-0.147555	
840	9391	25	13	38	10	0.556986	4.02222	5.91667	-1.17157	0.49803	
841	9401	21	12	13	4	0.630491	2.74444	1.26111	-0.536057	-0.459156	
842	9411	17	11	1	25	0.788031	1.14444	0.966667	-0.570773	-0.479427	
843	9421	15	9	5	24	0.631318	2.29444	0.922222	0.827337	0.226387	
844	9431	6	13	9	4	0.638491	0.716667	2.06111	-1.13308	0.49508	
845	9441	26	16	16	0	0.280017	3.63889	3.18333	0.195914	0.363732	
846	9451	36	22	46	0	0.275965	6.21111	6.83333	-0.0509484	0.815678	
847	9461	44	35	23	6	0.302651	5.77778	4.19444	0.0721523	0.154979	
848	9471	15	23	12	0	0.420004	2.03889	2.38889	-0.575232	-0.871289	
849	9481	20	26	4	42	0.697684	2.06667	1.82778	0.176195	-0.250583	
850	9491	14	22	17	5	0.241684	2.48889	3.3	-0.159096	0.0210132	
851	9501	17	6	42	0	0.112918	4.24444	4.51111	-0.417471	0.602603	
852	9511	32	12	28	1	0.48037	4.68333	3.04444	-0.548774	-0.0824632	
853	9521	13	45	25	6	0.575129	1.73333	8.15556	0.195014	1.19217	
854	9531	47	4	32	2	0.368437	7.08333	0.955556	0.0530164	0.134709	
855	9541	21	15	1	97	0.834952	1.84444	1.07222	-0.390067	-0.246628	
856	9551	14	30	22	1	0.433496	2.40556	4.23333	0.555987	0.170134	
857	9561	22	6	12	0	0.160213	2.53333	1.3	-0.786424	0.0400355	
858	9571	27	32	36	0	0.388544	5.22778	6.61111	0.495937	0.740865	
859	9581	16	24	20	44	0.579466	3.58889	3.41667	0.501672	-0.123202	
860	9591	19	14	3	15	0.654286	1.3	1.76111	-1.29813	0.233923	
861	9601	24	43	18	2	0.399979	2.76111	6.57778	0.485806	0.604229	
862	9611	40	10	29	8	0.54199	6.76667	1.55556	-0.761093	0.552927	
863	9621	15	11	49	8	0.38269	4.70556	4.82222	-0.755639	0.334419	
864	9631	21	30	21	0	0.553497	3.13333	2.88889	0.701769	-1.04912	
865	9641	42	17	10	24	0.707156	4.17222	2.01667	-0.596241	-0.0317809	
866	9651	19	15	8	0	0.235688	3.75556	3.41481	0.588477	0.771499	
867	9661	48	22	32	0	0.279907	10.05	1.98333	1.08508	-0.344203	
868	9671	32	26	11	43	0.619837	3.97778	3.05	-0.234844	0.10619	
869	9681	25	17	72	0	0.237307	11.1	10.4889	0.951219	0.859949	
870	9691	21	7	18	0	0.40047	2.76667	1.50556	-0.0860316	0.0345235	
871	9701	29	11	9	0	0.438029	3.39444	1.09444	0.101068	-0.393093	
872	9711	11	16	16	0	0.142242	2.61667	3.20556	-0.195475	0.0595461	
873	9721	12	17	40	7	0.609051	3.31111	3.42222	0.589763	-1.12414	
874	9731	19	31	36	0	0.255378	5.51111	4.76667	1.29548	-0.532754	
875	9741	26	20	27	0	0.238961	5.26667	4.02778	1.0427	0.465595	
876	9751	18	19	8	0	0.268102	2.01111	2.52778	-0.384619	-0.231856	
877	9761	21	17	17	3	0.319664	3.41667	2.08889	-0.123271	-0.0223694	
878	9771	24	10	23	1	0.327361	3.3	3.49444	-0.888015	0.342855	
879	9781	15	12	34	0	0.339852	4.87222	4.26667	0.51911	0.128131	
880	9791	17	25	39	0	0.265816	5.81667	6.75	0.64648	0.992208	
881	9801	21	17	7	0	0.201289	3.06111	2.01667	0.988119	-0.634424	
882	9811	22	17	29	0	0.46521	3.63333	3.36111	-0.610222	-0.579622	
883	9821	37	23	42	0	0.0754028	6.08889	6.32778	-0.73193	1.19961	
884	9831	16	21	27	0	0.302087	3.55556	4.39444	-0.0836445	0.304017	
885	9841	25	15	17	0	0.203356	3.28333	2.08889	-0.325998	-0.135066	
886	9851	18	11	14	0	0.208672	2.48333	2.16667	-0.3775	0.53993	
887	9861	17	36	36	0	0.174561	4.77222	6.68333	0.733804	0.273275	
888	9871	25	42	41	0	0.333171	5.01111	9.10556	1.35379	1.22712	
889	9881	24	16	30	0	0.230548	4.92778	2.32222	0.491113	-0.360058	
890	9891	26	15	45	0	0.212197	7.31111	3.82778	0.762352	-0.114447	
891	9901	10	32	40	1	0.220527	3.46111	8.10556	-0.28602	0.685405	
892	9911	17	31	27	0	0.176632	4.10556	6.12778	1.47445	0.207508	
893	9921	16	32	43	3	0.431439	2.61111	7.64444	0.181562	0.695148	
894	9931	23	9	26	0	0.281406	4.07778	3.15	-0.0928546	0.0555028	
895	9941	13	37	23	0	0.447704	1.95556	3.72222	0.459192	-0.807391	
896	9951	8	15	14	0	0.323147	1.86111	2.77778	0.182903	0.255613	
897	9961	11	25	8	0	0.200057	1.21111	2.98333	-0.517965	0.0570417	
898	9971	19	17	26	0	0.253505	4.40556	3.65	0.145643	0.185275	
899	9981	33	22	10	0	0.291864	3.74444	3.27778	0.0326435	0.749914	
900	9991	16	13	23	4	0.272138	2.75556	3.27222	-0.811948	0.901811	
901	10001	19	17	16	4	0.377679	3.33333	3.21111	0.465777	0.441113	
902	10011	14	19	41	0	0.348553	6.40556	5.08889	0.839676	0.293727	
903	10021	14	20	15	0	0.339053	2.61667	2.60556	0.711477	-0.825472	
904	10031	17	14	83	0	0.270047	7.18889	9.19444	-0.347888	0.236838	
905	10041	23	14	28	0	0.249767	5.0963	5.94074	-0.578254	1.30564	
906	10051	32	24	11	1	0.314809	4.62222	3.35	1.31981	0.128857	
907	10061	6	26	16	2	0.658947	0.455556	2.89444	-0.860463	-1.13584	
908	10071	25	20	17	2	0.532732	2.28333	2.42778	-0.936955	0.0826066	
909	10081	30	29	29	4	0.50213	3.42778	3.11111	-0.461611	0.192562	
910	10091	40	13	32	1	0.367459	5.75556	2.17778	-0.888381	0.34392	
911	10101	25	8	16	0	0.463943	4.48889	1.22778	0.891885	-0.0697981	
912	10111	13	9	23	0	0.0434516	3.92222	3.46111	0.691889	0.651419	
913	10121	15	7	45	0	0.012727	5.98889	5.79444	0.124041	0.534342	
914	10131	53	28	37	0	0.122936	6.13333	4.44444	-0.0677063	0.357548	
915	10141	16	8	29	0	0.316812	3.13889	4.05	-0.331262	0.618581	
916	10151	9	26	24	0	0.215868	2.8	3.9	-0.153835	-0.414288	
917	10161	24	18	18	25	0.290455	3.78889	2.90556	0.116397	-0.484649	
918	10171	16	23	10	0	0.279664	2.11111	3.27222	-0.105141	0.616743	
919	10181	21	28	13	0	0.15757	2.58333	3.56667	-0.468052	-0.288099	
920	10191	14	14	25	0	0.0535663	4.19444	3.77778	0.696304	0.492099	
921	10201	19	19	40	0	0.0636682	5.17222	4.93333	-0.056322	-0.273769	
922	10211	12	13	9	0	0.219363	1.88333	1.82222	0.629697	-0.246322	
923	10221	22	15	25	0	0.196465	4.1	3.38333	0.45673	-0.180005	
924	10231	10	22	34	0	0.0992553	4.57778	5.12222	0.812119	0.0827487	
925	10241	14	22	14	0	0.235604	2.27222	3.33333	0.227599	0.187582	
926	10251	11	22	30	0	0.369345	2.32222	4.88333	-0.921947	0.759064	
927	10261	25	6	28	0	0.253327	6.26111	1.22222	0.257909	-0.462102	
928	10271	14	6	21	0	0.250692	3.71852	2.24444	-0.962452	-0.438042	
929	10281	9	9	32	0	0.159641	3.90556	3.63889	0.293449	0.0814236	
930	10291	17	24	44	1	0.275882	6.20556	4.73889	0.534464	0.0174497	
931	10301	13	16	57	0	0.131776	7.71111	6.87778	0.750759	0.036564	
932	10311	32	13	12	0	0.376566	3.85556	1.87222	-0.198579	0.472202	
933	10321	11	21	27	0	0.166437	2.48333	4.75556	-0.977288	0.374875	
934	10331	29	7	38	0	0.304713	4.78333	2.81111	-0.398354	-0.173958	
935	10341	14	22	31	0	0.176226	4.17778	3.96111	0.715222	-0.752078	
936	10351	18	16	17	0	0.327387	2.58889	1.97222	-1.01892	-0.741097	
937	10361	28	17	38	0	0.124552	6.01667	3.60556	0.267394	-0.115227	
938	10371	9	13	26	1	0.263139	4.02778	3.96667	1.26694	0.602274	
939	10381	48	25	48	0	0.325994	8.89444	2.8	-0.657261	-0.0887184	
940	10391	17	21	37	0	0.175601	5.50556	5.38889	0.940495	0.860748	
941	10401	20	15	18	3	0.356269	3.71111	3.3	1.0664	1.03382	
942	10411	20	16	31	2	0.2013	4.23889	4.34444	-0.594521	0.314875	
943	10421	29	18	15	0	0.276333	4.33889	2.41667	-0.0298743	0.884255	
944	10431	19	13	68	0	0.153122	9.19444	7.65556	0.33064	0.729209	
945	10441	23	16	6	13	0.680308	2.71111	1.28889	0.1068	-0.580957	
946	10451	16	23	8	0	0.340515	2.15	2.35556	0.076354	-0.0574382	
947	10461	23	26	47	0	0.278718	5.49444	7.35	-0.0908945	0.423158	
948	10471	38	14	19	0	0.223706	5.43889	2.45	0.222876	-0.00721874	
949	10481	18	17	10	0	0.201034	3.23889	2.34444	0.941242	0.111255	
950	10491	16	17	9	2	0.486369	1.76111	2.83889	-0.631457	0.531684	
951	10501	30	25	34	0	0.400187	5.58333	4.72778	0.522023	0.0170601	
952	10511	28	13	48	0	0.124412	6.48333	5.06667	0.228195	0.155939	
953	10521	40	19	59	0	0.248425	9.13889	7.3	-0.129468	-0.159063	
954	10531	27	21	26	0	0.220322	5.57222	2.49444	1.07323	-1.13955	
955	10541	16	33	16	1	0.29292	3.18889	3.53333	0.0389975	-0.866535	
956	10551	53	10	52	0	0.213104	9.72778	2.9	0.162367	-0.608359	
957	10561	15	16	40	0	0.146157	4.92222	4.77222	0.0656751	-0.324339	
958	10571	30	32	19	0	0.230552	3.46667	4.96667	-0.750662	0.411553	
959	10581	29	22	7	0	0.371516	2.75556	1.93333	-0.405571	-0.924029	
960	10591	23	26	21	0	0.352862	3.93889	4.73333	0.177397	0.184271	
961	10601	24	8	22	0	0.312912	4.10556	2.32222	0.376096	-0.127769	
962	10611	16	25	31	6	0.246159	4.47222	4.8	0.53101	0.0948203	
963	10621	14	37	43	0	0.314568	3.6	7.23889	-0.383697	0.542368	
964	10631	25	7	16	0	0.148044	3.25556	2.5	-0.607135	1.25367	
965	10641	13	25	15	0	0.270554	2.11111	3.76667	-0.284218	0.2657	
966	10651	18	27	40	0	0.235501	4.76667	6.21111	-0.193943	0.560894	
967	10661	18	19	29	0	0.317772	3.12778	2.74444	-0.525944	-1.137	
968	10671	44	60	46	0	0.477295	6.00556	6.83333	0.541513	-0.686458	
969	10681	40	16	11	4	0.289221	4.68889	2.30556	-0.151263	-0.018505	
970	10691	25	30	13	0	0.201725	2.69444	4.33333	-0.240752	0.523674	
971	10701	23	25	50	0	0.305771	7.38889	6.89444	0.0989849	-0.162319	
972	10711	11	10	26	0	0.0341873	3.46111	3.67222	0.323617	0.559673	
973	10721	27	19	50	0	0.0132996	7.88333	6.63889	-0.351487	-0.113727	
974	10731	10	11	10	1	0.323168	1.83889	1.97778	0.465965	-0.0613041	
975	10741	14	11	35	0	0.299197	5.02222	3.45	0.125048	-0.52048	
976	10751	19	16	2	8	0.493689	2.02222	1.34444	0.57016	-0.643232	
977	10761	22	23	24	0	0.177952	3.05556	3.77778	-0.778555	-0.58994	
978	10771	16	12	44	0	0.280239	5.51667	4.01667	0.657153	-0.739799	
979	10781	21	16	27	0	0.424207	2.93889	4.07778	-0.60494	0.625257	
980	10791	23	18	17	34	0.292436	3.68889	2.81111	0.132051	-0.118305	
981	10801	21	15	17	1	0.488821	2.44444	2.38333	-0.554202	-0.397855	
982	10811	16	19	22	1	0.212512	3.23889	3.55	-0.205705	0.453836	
983	10821	13	27	17	0	0.281111	1.53889	3.3	-1.27405	-0.0386089	
984	10831	24	39	19	0	0.403472	4.16667	5.01667	0.119232	-0.057246	
985	10841	23	9	13	0	0.241325	3.15	1.98333	-0.25357	-0.300786	
986	10851	22	13	3	0	0.246879	2.48333	1.12222	-0.201589	-0.5975	
987	10861	7	10	22	0	0.206521	3.05556	1.96667	0.558158	-1.14472	
988	10871	11	11	7	0	0.118885	1.33333	1.70556	-0.558372	0.430766	
989	10881	13	18	32	0	0.21941	3.33333	4.83889	-0.274646	0.432171	
990	10891	8	23	23	0	0.117112	2.21667	3.74444	0.0823029	-0.621683	
991	10901	4	9	7	61	0.633919	1.39259	1.31111	0.524584	-1.20492	
992	10911	26	28	33	0	0.428619	5.32222	5.98333	1.12341	0.600738	
993	10921	13	25	34	0	0.176344	3.98333	4.87778	-0.0366345	0.0447665	
994	10931	21	24	27	0	0.463993	3.25	3.52222	-0.995511	-0.6064	
995	10941	50	21	41	0	0.302336	10.8167	3.39444	0.888199	0.210986	
996	10951	15	24	11	8	0.486289	2.20556	2.83333	-0.18654	-0.288531	
997	10961	28	28	38	0	0.319648	3.87222	7.07778	-1.05971	0.455128	
998	10971	25	24	28	0	0.336857	4.16111	4.03333	-0.124527	0.0145048	
999	10981	25	49	17	0	0.345396	2.83889	6.57222	-0.23061	0.285624	
1000	10991	37	36	33	0	0.470037	5.91667	5.78889	0.199643	-0.1617	
